Written by class gov.usgs.trinli.ft.point.writer.PrmsWriter             
////////////////////////////////////////////////////////////                
// Station metadata (listed in the same order as the data):      
// ID Type Latitude Longitude Elevation Stream          
// 10243240 runoff 38.9908 -114.2067 6750 Baker          
// 10243260 runoff 39.0116 -114.2144 6700 Lehman          
// 10243265 runoff 39.0086 -114.2078 6580 Rowland          
// 263340 precip 39.0056 -114.2206 6850           
// 263340 tmax 39.0056 -114.2206 6850           
// 263340 tmin 39.0056 -114.2206 6850           
////////////////////////////////////////////////////////////                
// Unit: runoff = ft3 per "sec " precip = "in " temperature = deg "F " elevation = feet
////////////////////////////////////////////////////////////                
runoff 3               
precip 1               
tmax 1               
tmin 1     
########################################     
1992 10 1 0 0 0 1.2 1.9 -999 0 77 52     
1992 10 2 0 0 0 1.3 2 -999 0 75 53     
1992 10 3 0 0 0 1.4 2.1 -999 0 62 44     
1992 10 4 0 0 0 1.5 2.2 -999 0 62 34     
1992 10 5 0 0 0 1.5 2.2 -999 0 62 35     
1992 10 6 0 0 0 1.5 2.2 -999 0 67 38     
1992 10 7 0 0 0 1.5 2.1 -999 0 64 30     
1992 10 8 0 0 0 1.5 2 -999 0 72 30     
1992 10 9 0 0 0 1.5 1.8 -999 0 68 46     
1992 10 10 0 0 0 1.5 1.6 -999 0 66 37     
1992 10 11 0 0 0 1.4 1.6 -999 0 70 37     
1992 10 12 0 0 0 1.4 1.5 -999 0 76 47     
1992 10 13 0 0 0 1.5 1.5 -999 0 77 54     
1992 10 14 0 0 0 1.5 1.5 -999 0 75 41     
1992 10 15 0 0 0 1.5 1.5 -999 0 73 34     
1992 10 16 0 0 0 1.5 1.6 -999 0 65 41     
1992 10 17 0 0 0 1.5 1.6 -999 0 64 40     
1992 10 18 0 0 0 1.5 1.6 -999 0 72 41     
1992 10 19 0 0 0 1.5 1.6 -999 0 69 45     
1992 10 20 0 0 0 1.4 1.6 -999 0 73 44     
1992 10 21 0 0 0 1.5 1.5 -999 0 71 50     
1992 10 22 0 0 0 1.5 1.6 -999 0 59 43     
1992 10 23 0 0 0 1.5 1.6 -999 0 60 37     
1992 10 24 0 0 0 1.5 1.6 -999 0.05 61 42     
1992 10 25 0 0 0 1.6 1.8 -999 0.21 59 40     
1992 10 26 0 0 0 1.5 1.7 -999 0 57 38     
1992 10 27 0 0 0 1.5 1.6 -999 0.02 59 43     
1992 10 28 0 0 0 1.4 1.6 -999 0 56 38     
1992 10 29 0 0 0 1.4 1.8 -999 0.01 52 39     
1992 10 30 0 0 0 1.9 2.2 -999 0.33 50 37     
1992 10 31 0 0 0 1.5 1.9 -999 0.02 50 30     
1992 11 1 0 0 0 1.4 1.8 -999 0 57 31     
1992 11 2 0 0 0 1.5 1.9 -999 0 56 41     
1992 11 3 0 0 0 1.4 1.8 -999 0 43 26     
1992 11 4 0 0 0 1.3 1.6 -999 0.02 33 20     
1992 11 5 0 0 0 1.4 1.8 -999 0.01 43 26     
1992 11 6 0 0 0 1.3 1.7 -999 0 53 24     
1992 11 7 0 0 0 1.3 1.7 -999 0 62 31     
1992 11 8 0 0 0 1.3 1.7 -999 0 55 24     
1992 11 9 0 0 0 1.4 1.6 -999 0 45 16     
1992 11 10 0 0 0 1.3 1.6 -999 0 31 19     
1992 11 11 0 0 0 1.2 1.6 -999 0 37 12     
1992 11 12 0 0 0 1.2 1.7 -999 0 46 22     
1992 11 13 0 0 0 1.2 1.7 -999 0 50 27     
1992 11 14 0 0 0 1 1.7 -999 0 54 29     
1992 11 15 0 0 0 0.97 1.7 -999 0 58 33     
1992 11 16 0 0 0 0.9 1.6 -999 0 58 38     
1992 11 17 0 0 0 0.88 1.6 -999 0 52 35     
1992 11 18 0 0 0 0.92 1.7 -999 0.02 46 28     
1992 11 19 0 0 0 0.95 1.7 -999 0.02 39 26     
1992 11 20 0 0 0 0.93 1.5 -999 0 36 19     
1992 11 21 0 0 0 0.9 1.7 -999 0 33 15     
1992 11 22 0 0 0 0.89 1.8 -999 0.03 36 25     
1992 11 23 0 0 0 0.87 1.9 -999 0.02 35 19     
1992 11 24 0 0 0 0.85 1.9 -999 0.02 29 13     
1992 11 25 0 0 0 0.83 1.9 -999 0 27 12     
1992 11 26 0 0 0 0.87 1.9 -999 0 33 10     
1992 11 27 0 0 0 0.89 2 -999 0 41 16     
1992 11 28 0 0 0 0.91 2 -999 0.06 35 21     
1992 11 29 0 0 0 0.93 2.1 -999 0.01 31 14     
1992 11 30 0 0 0 0.88 2.1 -999 0 40 10     
1992 12 1 0 0 0 0.82 2 -999 0 40 27     
1992 12 2 0 0 0 0.79 1.7 -999 0 53 27     
1992 12 3 0 0 0 0.66 1.6 -999 0 40 25     
1992 12 4 0 0 0 0.63 1.6 -999 0 29 8     
1992 12 5 0 0 0 0.6 1.5 -999 0 26 11     
1992 12 6 0 0 0 0.65 1.5 -999 0 34 12     
1992 12 7 0 0 0 0.69 1.6 -999 0.03 35 16     
1992 12 8 0 0 0 0.73 1.6 -999 0 39 19     
1992 12 9 0 0 0 0.78 1.6 -999 0 49 28     
1992 12 10 0 0 0 0.25 1.6 -999 0 58 30     
1992 12 11 0 0 0 0.03 1.5 -999 0.03 51 35     
1992 12 12 0 0 0 0.08 1.4 -999 0.15 38 22     
1992 12 13 0 0 0 0.39 1.5 -999 0 27 12     
1992 12 14 0 0 0 0.62 1.5 -999 0 28 8     
1992 12 15 0 0 0 0.92 1.4 -999 0.06 26 15     
1992 12 16 0 0 0 0.94 1.4 -999 0 21 6     
1992 12 17 0 0 0 1.1 1.4 -999 0 41 8     
1992 12 18 0 0 0 1.2 1.5 -999 0.09 25 17     
1992 12 19 0 0 0 1.2 1.5 -999 0 21 2     
1992 12 20 0 0 0 1.1 1.6 -999 0 36 5     
1992 12 21 0 0 0 1.1 1.6 -999 0 43 14     
1992 12 22 0 0 0 1.1 1.7 -999 0 34 12     
1992 12 23 0 0 0 1.1 1.7 -999 0 37 12     
1992 12 24 0 0 0 1 1.7 -999 0 43 12     
1992 12 25 0 0 0 1 1.6 -999 0 39 11     
1992 12 26 0 0 0 0.88 1.6 -999 0 48 22     
1992 12 27 0 0 0 0.83 1.6 -999 0 44 20     
1992 12 28 0 0 0 1 1.7 -999 0.02 42 27     
1992 12 29 0 0 0 0.84 1.7 -999 0.12 38 33     
1992 12 30 0 0 0 0.71 1.7 -999 0.02 35 22     
1992 12 31 0 0 0 0.69 1.7 -999 0 33 11     
1993 1 1 0 0 0 0.56 1.6 -999 0 46 19     
1993 1 2 0 0 0 0.37 1.6 -999 0.47 39 13     
1993 1 3 0 0 0 0.38 1.4 -999 0.02 17 -3     
1993 1 4 0 0 0 0.5 1.5 -999 0 38 -1     
1993 1 5 0 0 0 0.55 1.5 -999 0 30 8     
1993 1 6 0 0 0 0.55 1.5 -999 0.1 28 16     
1993 1 7 0 0 0 0.38 1.3 -999 0.02 30 18     
1993 1 8 0 0 0 0.12 1.1 -999 0.2 41 21     
1993 1 9 0 0 0 0.01 1.1 -999 0.01 36 19     
1993 1 10 0 0 0 0.02 1.1 -999 0.33 31 20     
1993 1 11 0 0 0 0.02 0.99 -999 0.14 33 15     
1993 1 12 0 0 0 0.29 0.69 -999 0 25 1     
1993 1 13 0 0 0 0.47 0.84 -999 0.07 39 11     
1993 1 14 0 0 0 0.35 0.79 -999 0.1 40 26     
1993 1 15 0 0 0 0.11 0.69 -999 0 37 20     
1993 1 16 0 0 0 0.05 0.69 -999 0 42 27     
1993 1 17 0 0 0 0.01 0.68 -999 0.12 34 25     
1993 1 18 0 0 0 0.04 0.75 -999 0.71 33 25     
1993 1 19 0 0 0 0.04 0.73 -999 0 39 17     
1993 1 20 0 0 0 0.06 0.75 -999 0 48 20     
1993 1 21 0 0 0 0.05 0.76 -999 0 48 28     
1993 1 22 0 0 0 0.04 0.71 -999 0.01 45 29     
1993 1 23 0 0 0 0.19 0.64 -999 0 29 6     
1993 1 24 0 0 0 0.41 0.79 -999 0 40 13     
1993 1 25 0 0 0 0.37 0.78 -999 0 39 14     
1993 1 26 0 0 0 0.4 0.81 -999 0 42 20     
1993 1 27 0 0 0 0.44 0.81 -999 0 42 20     
1993 1 28 0 0 0 0.45 0.83 -999 0 45 21     
1993 1 29 0 0 0 0.45 0.81 -999 0.09 38 17     
1993 1 30 0 0 0 0.53 0.86 -999 0.29 31 18     
1993 1 31 0 0 0 0.59 0.88 -999 0.68 35 23     
1993 2 1 0 0 0 0.49 0.84 -999 0 45 19     
1993 2 2 0 0 0 0.38 0.79 -999 0 40 17     
1993 2 3 0 0 0 0.35 0.8 -999 0 35 12     
1993 2 4 0 0 0 0.39 0.8 -999 0 36 15     
1993 2 5 0 0 0 0.39 0.78 -999 0 37 16     
1993 2 6 0 0 0 0.37 0.73 -999 0 40 24     
1993 2 7 0 0 0 0.27 0.73 -999 0.01 33 27     
1993 2 8 0 0 0 0.26 0.74 -999 0.37 33 26     
1993 2 9 0 0 0 0.27 0.74 -999 0.1 40 27     
1993 2 10 0 0 0 0.25 0.73 -999 0 41 24     
1993 2 11 0 0 0 0.29 0.73 -999 0 41 20     
1993 2 12 0 0 0 0.33 0.72 -999 0.01 37 20     
1993 2 13 0 0 0 0.31 0.65 -999 0 34 13     
1993 2 14 0 0 0 0.34 0.69 -999 0 29 11     
1993 2 15 0 0 0 0.35 0.73 -999 0 33 5     
1993 2 16 0 0 0 0.54 0.81 -999 0 38 12     
1993 2 17 0 0 0 0.56 0.79 -999 0.04 36 15     
1993 2 18 0 0 0 0.53 0.78 -999 0 40 21     
1993 2 19 0 0 0 0.53 0.76 -999 0.24 41 33     
1993 2 20 0 0 0 0.48 0.68 -999 0.3 40 25     
1993 2 21 0 0 0 0.47 0.71 -999 0.04 37 19     
1993 2 22 0 0 0 0.54 0.72 -999 0 38 15     
1993 2 23 0 0 0 0.54 0.72 -999 0.23 34 21     
1993 2 24 0 0 0 0.6 0.78 -999 0.39 41 20     
1993 2 25 0 0 0 0.5 0.73 -999 0.04 31 6     
1993 2 26 0 0 0 0.58 0.75 -999 0.11 26 7     
1993 2 27 0 0 0 0.64 0.7 -999 0.25 29 15     
1993 2 28 0 0 0 0.63 0.69 -999 0.1 40 21     
1993 3 1 0 0 0 0.59 0.68 -999 0 39 16     
1993 3 2 0 0 0 0.56 0.65 -999 0 41 16     
1993 3 3 0 0 0 0.55 0.63 -999 0 39 16     
1993 3 4 0 0 0 0.57 0.63 -999 0 38 26     
1993 3 5 0 0 0 0.55 0.63 -999 0 43 19     
1993 3 6 0 0 0 0.59 0.67 -999 0 45 24     
1993 3 7 0 0 0 0.63 0.72 -999 0 48 26     
1993 3 8 0 0 0 0.66 0.77 -999 0 56 30     
1993 3 9 0 0 0 0.65 0.79 -999 0 51 33     
1993 3 10 0 0 0 0.68 0.86 -999 0 55 32     
1993 3 11 0 0 0 0.78 0.93 -999 0 46 29     
1993 3 12 0 0 0 0.68 0.9 -999 0 36 21     
1993 3 13 0 0 0 0.71 0.92 -999 0 51 22     
1993 3 14 0 0 0 0.8 0.96 -999 0 49 34     
1993 3 15 0 0 0 0.85 1 -999 0 52 29     
1993 3 16 0 0 0 0.88 1.1 -999 0 55 34     
1993 3 17 0 0 0 1.1 1.4 -999 0.01 61 40     
1993 3 18 0 0 0 1.2 1.5 -999 0.01 54 35     
1993 3 19 0 0 0 1.1 1.4 -999 0 53 29     
1993 3 20 0 0 0 1.2 1.4 -999 0 61 37     
1993 3 21 0 0 0 1.2 1.4 -999 0 56 32     
1993 3 22 0 0 0 1.3 1.4 -999 0 61 29     
1993 3 23 0 0 0 1.4 1.5 -999 0 63 38     
1993 3 24 0 0 0 1.6 1.7 -999 0 58 43     
1993 3 25 0 0 0 1.7 1.7 -999 0 57 42     
1993 3 26 0 0 0 1.7 1.7 -999 0 55 39     
1993 3 27 0 0 0 1.7 1.6 -999 0.03 54 33     
1993 3 28 0 0 0 1.8 1.7 -999 0.78 43 31     
1993 3 29 0 0 0 1.9 1.8 -999 0.16 49 32     
1993 3 30 0 0 0 1.9 1.6 -999 0 53 32     
1993 3 31 0 0 0 1.9 1.6 -999 0 55 30     
1993 4 1 0 0 0 2 1.7 -999 0 58 30     
1993 4 2 0 0 0 2.1 1.7 -999 0 53 29     
1993 4 3 0 0 0 2.2 1.6 -999 0 54 26     
1993 4 4 0 0 0 2.3 1.7 -999 0 60 39     
1993 4 5 0 0 0 2.4 1.7 -999 0.05 57 33     
1993 4 6 0 0 0 2.2 1.6 -999 0.14 47 28     
1993 4 7 0 0 0 2 1.5 -999 0 48 30     
1993 4 8 0 0 0 1.9 1.5 -999 0 61 27     
1993 4 9 0 0 0 1.9 1.5 -999 0 61 41     
1993 4 10 0 0 0 1.9 1.6 -999 0 60 29     
1993 4 11 0 0 0 1.9 1.6 -999 0 58 29     
1993 4 12 0 0 0 2 1.6 -999 0 53 26     
1993 4 13 0 0 0 1.9 1.4 -999 0 47 24     
1993 4 14 0 0 0 1.8 1.4 -999 0 53 28     
1993 4 15 0 0 0 1.8 1.4 -999 0 54 31     
1993 4 16 0 0 0 1.8 1.4 -999 0 58 33     
1993 4 17 0 0 0 1.9 1.4 -999 0 64 33     
1993 4 18 0 0 0 2 1.5 -999 0 65 33     
1993 4 19 0 0 0 2 1.5 -999 0 52 28     
1993 4 20 0 0 0 2.1 1.5 -999 0 58 27     
1993 4 21 0 0 0 2.4 1.6 -999 0 71 38     
1993 4 22 0 0 0 2.9 1.7 -999 0 68 54     
1993 4 23 0 0 0 3.2 1.8 -999 0 62 31     
1993 4 24 0 0 0 3.2 1.7 -999 0 58 29     
1993 4 25 0 0 0 3.3 1.7 -999 0 67 31     
1993 4 26 0 0 0 3.7 1.8 -999 0 69 40     
1993 4 27 0 0 0 4.1 2 -999 0 68 30     
1993 4 28 0 0 0 4.4 2.1 -999 0 62 31     
1993 4 29 0 0 0 4.6 2.3 -999 0 69 36     
1993 4 30 0 0 0 5 2.4 -999 0 70 33     
1993 5 1 0 0 0 5.3 2.4 -999 0 58 29     
1993 5 2 0 0 0 5.7 2.6 -999 0 69 36     
1993 5 3 0 0 0 6.8 3.2 -999 0 70 42     
1993 5 4 0 0 0 8.4 4.1 -999 0.41 67 33     
1993 5 5 0 0 0 8.1 3.6 -999 0.1 54 28     
1993 5 6 0 0 0 8.3 3.3 -999 0 55 41     
1993 5 7 0 0 0 8.1 3 -999 0 59 34     
1993 5 8 0 0 0 7.7 2.9 -999 0 56 32     
1993 5 9 0 0 0 7.4 2.9 -999 0 58 28     
1993 5 10 0 0 0 7.5 3.2 -999 0 70 29     
1993 5 11 0 0 0 8.6 4.3 -999 0 78 43     
1993 5 12 0 0 0 11 5.5 -999 0 76 53     
1993 5 13 0 0 0 16 7.5 -999 0 74 48     
1993 5 14 0 0 0 26 9.7 -999 0 77 50     
1993 5 15 0 0 0 43 11 -999 0.33 74 46     
1993 5 16 0 0 0 57 13 -999 0.1 67 47     
1993 5 17 0 0 0 70 16 -999 0.1 74 45     
1993 5 18 0 0 0 83 18 -999 0.02 73 48     
1993 5 19 0 0 0 87 21 -999 0 76 48     
1993 5 20 0 0 0 117 21 -999 0 74 53     
1993 5 21 0 0 0 176 21 -999 0 76 51     
1993 5 22 0 0 0 165 26 -999 0 71 43     
1993 5 23 0 0 0 144 32 -999 0 78 43     
1993 5 24 0 0 0 141 26 -999 0 77 48     
1993 5 25 0 0 0 137 28 -999 0 75 49     
1993 5 26 0 0 0 125 39 -999 0 74 49     
1993 5 27 0 0 0 118 42 -999 0 75 51     
1993 5 28 0 0 0 104 37 -999 0 72 42     
1993 5 29 0 0 0 83 32 -999 0 74 44     
1993 5 30 0 0 0 76 27 -999 0 80 49     
1993 5 31 0 0 0 78 22 -999 0 79 54     
1993 6 1 0 0 0 72 22 -999 0 70 42     
1993 6 2 0 0 0 68 21 -999 0.17 69 43     
1993 6 3 0 0 0 57 20 -999 0.01 74 35     
1993 6 4 0 0 0 46 19 -999 0 65 42     
1993 6 5 0 0 0 40 19 -999 0.02 61 42     
1993 6 6 0 0 0 34 18 -999 0.11 55 33     
1993 6 7 0 0 0 28 17 -999 0.1 64 31     
1993 6 8 0 0 0 25 16 -999 0.11 61 36     
1993 6 9 0 0 0 21 15 -999 0 68 38     
1993 6 10 0 0 0 20 15 -999 0 76 42     
1993 6 11 0 0 0 21 15 -999 0 76 47     
1993 6 12 0 0 0 26 15 -999 0 76 38     
1993 6 13 0 0 0 31 15 -999 0 74 38     
1993 6 14 0 0 0 42 16 -999 0 86 50     
1993 6 15 0 0 0 56 17 -999 0 83 58     
1993 6 16 0 0 0 64 18 -999 0 84 47     
1993 6 17 0 0 0 56 19 -999 0.01 66 45     
1993 6 18 0 0 0 43 18 -999 0 76 46     
1993 6 19 0 0 0 38 17 -999 0 78 47     
1993 6 20 0 0 0 41 19 -999 0 79 52     
1993 6 21 0 0 0 43 22 -999 0.05 79 55     
1993 6 22 0 0 0 50 23 -999 0 76 47     
1993 6 23 0 0 0 46 25 -999 0 76 50     
1993 6 24 0 0 0 41 24 -999 0 72 39     
1993 6 25 0 0 0 38 24 -999 0 80 44     
1993 6 26 0 0 0 38 22 -999 0 89 54     
1993 6 27 0 0 0 38 21 -999 0 89 55     
1993 6 28 0 0 0 40 21 -999 0 87 52     
1993 6 29 0 0 0 39 20 -999 0 83 48     
1993 6 30 0 0 0 35 20 -999 0 83 46     
1993 7 1 0 0 0 32 20 -999 0 87 52     
1993 7 2 0 0 0 32 21 -999 0 87 58     
1993 7 3 0 0 0 33 19 -999 0 86 55     
1993 7 4 0 0 0 27 18 -999 0 78 44     
1993 7 5 0 0 0 23 18 -999 0 80 42     
1993 7 6 0 0 0 20 15 -999 0 86 49     
1993 7 7 0 0 0 19 15 -999 0 87 57     
1993 7 8 0 0 0 18 15 -999 0 86 51     
1993 7 9 0 0 0 18 13 -999 0 88 51     
1993 7 10 0 0 0 17 14 -999 0 88 59     
1993 7 11 0 0 0 16 13 -999 0 87 54     
1993 7 12 0 0 0 15 13 -999 0 87 63     
1993 7 13 0 0 0 14 13 -999 0 86 51     
1993 7 14 0 0 0 13 12 -999 0 84 51     
1993 7 15 0 0 0 12 12 -999 0 82 52     
1993 7 16 0 0 0 12 12 -999 0 81 48     
1993 7 17 0 0 0 11 12 -999 0 81 41     
1993 7 18 0 0 0 10 11 -999 0 80 47     
1993 7 19 0 0 0 9.2 11 -999 0 84 54     
1993 7 20 0 0 0 8.5 10 -999 0 83 62     
1993 7 21 0 0 0 8.3 10 -999 0 84 55     
1993 7 22 0 0 0 8 9.9 -999 0 79 51     
1993 7 23 0 0 0 8 9.8 -999 0 81 51     
1993 7 24 0 0 0 7.5 9.3 -999 0.39 70 41     
1993 7 25 0 0 0 6.8 8.8 -999 0 82 54     
1993 7 26 0 0 0 6.5 8.5 -999 0 81 55     
1993 7 27 0 0 0 6.3 8.2 -999 0 78 47     
1993 7 28 0 0 0 6.1 8 -999 0 88 54     
1993 7 29 0 0 0 5.7 7.1 -999 0 89 54     
1993 7 30 0 0 0 5.5 6 -999 0 90 66     
1993 7 31 0 0 0 5.2 6.3 -999 0 89 60     
1993 8 1 0 0 0 5.1 6.1 -999 0 87 59     
1993 8 2 0 0 0 4.8 6.2 -999 0 86 57     
1993 8 3 0 0 0 4.8 5.8 -999 0 86 56     
1993 8 4 0 0 0 5.4 6.7 -999 0.04 83 61     
1993 8 5 0 0 0 5.3 7.4 -999 0.22 79 53     
1993 8 6 0 0 0 4.8 7.7 -999 0 83 55     
1993 8 7 0 0 0 4.7 6.7 -999 0.04 82 56     
1993 8 8 0 0 0 4.4 6.6 -999 0.01 84 56     
1993 8 9 0 0 0 4.3 7.3 -999 0 83 63     
1993 8 10 0 0 0 4.2 7.2 -999 0 85 58     
1993 8 11 0 0 0 4 7.1 -999 0 84 56     
1993 8 12 0 0 0 3.9 6.6 -999 0 82 50     
1993 8 13 0 0 0 3.7 6.5 -999 0 82 48     
1993 8 14 0 0 0 3.5 6.3 -999 0 81 48     
1993 8 15 0 0 0 3.4 6 -999 0 78 60     
1993 8 16 0 0 0 3.4 5.9 -999 0 79 50     
1993 8 17 0 0 0 3.3 5.9 -999 0 78 47     
1993 8 18 0 0 0 3.1 5.7 -999 0 82 54     
1993 8 19 0 0 0 2.9 6 -999 0 83 57     
1993 8 20 0 0 0 2.9 5.9 -999 0.02 85 63     
1993 8 21 0 0 0 2.8 5.8 -999 0 77 49     
1993 8 22 0 0 0 2.8 5.7 -999 0 78 48     
1993 8 23 0 0 0 2.7 5.6 -999 0 88 53     
1993 8 24 0 0 0 2.5 5.6 -999 0 87 63     
1993 8 25 0 0 0 2.5 5.5 -999 0 85 48     
1993 8 26 0 0 0 2.6 5.2 -999 0 81 48     
1993 8 27 0 0 0 2.6 5 -999 0 79 49     
1993 8 28 0 0 0 2.5 5.1 -999 0 82 52     
1993 8 29 0 0 0 2.5 5.2 -999 0 82 56     
1993 8 30 0 0 0 2.5 5.2 -999 0 71 47     
1993 8 31 0 0 0 2.5 5.3 -999 0 75 47     
1993 9 1 0 0 0 2.4 5.3 -999 0.02 81 52     
1993 9 2 0 0 0 2.3 5.2 -999 0 82 52     
1993 9 3 0 0 0 2.2 5.2 -999 0 84 52     
1993 9 4 0 0 0 2.2 5.1 -999 0 87 59     
1993 9 5 0 0 0 2.1 5 -999 0 87 55     
1993 9 6 0 0 0 2 4.9 -999 0 82 52     
1993 9 7 0 0 0 2 4.8 -999 0 81 53     
1993 9 8 0 0 0 2 4.7 -999 0 81 53     
1993 9 9 0 0 0 2 4.6 -999 0 81 51     
1993 9 10 0 0 0 1.9 4.6 -999 0 84 53     
1993 9 11 0 0 0 1.8 4.5 -999 0 86 57     
1993 9 12 0 0 0 1.9 4.4 -999 0 86 51     
1993 9 13 0 0 0 2.1 4.5 -999 0 69 31     
1993 9 14 0 0 0 2.1 4.5 -999 0 72 33     
1993 9 15 0 0 0 2 4.3 -999 0 72 44     
1993 9 16 0 0 0 2.5 4.8 -999 0.48 71 45     
1993 9 17 0 0 0 2.6 4.9 -999 0.19 58 38     
1993 9 18 0 0 0 2.4 4.6 -999 0.11 58 38     
1993 9 19 0 0 0 2.2 4.5 -999 0.01 68 37     
1993 9 20 0 0 0 2 4.3 -999 0 73 46     
1993 9 21 0 0 0 2 4.3 -999 0 71 42     
1993 9 22 0 0 0 2 4.4 -999 0 71 39     
1993 9 23 0 0 0 1.9 4.3 -999 0 67 41     
1993 9 24 0 0 0 1.9 4.2 -999 0 66 40     
1993 9 25 0 0 0 1.9 4.2 -999 0 71 41     
1993 9 26 0 0 0 1.8 4.1 -999 0 71 42     
1993 9 27 0 0 0 1.7 3.9 -999 0 77 46     
1993 9 28 0 0 0 1.7 3.8 -999 0 79 48     
1993 9 29 0 0 0 1.7 3.8 -999 0 78 48     
1993 9 30 0 0 0 1.7 3.7 -999 0 81 44     
1993 10 1 0 0 0 2 3.6 -999 0 78 57     
1993 10 2 0 0 0 2.1 3.5 -999 0 75 47     
1993 10 3 0 0 0 2.1 3.5 -999 0 76 46     
1993 10 4 0 0 0 2.1 3.4 -999 0 79 49     
1993 10 5 0 0 0 2.6 3.8 -999 0.3 74 51     
1993 10 6 0 0 0 2.5 3.5 -999 0.21 65 44     
1993 10 7 0 0 0 2.5 3.5 -999 0.1 63 40     
1993 10 8 0 0 0 2.5 3.4 -999 0.3 61 32     
1993 10 9 0 0 0 2.5 3.4 -999 0 52 28     
1993 10 10 0 0 0 2.5 3.4 -999 0 60 35     
1993 10 11 0 0 0 3.3 4 -999 0.3 61 40     
1993 10 12 0 0 0 2.8 3.7 -999 0 57 36     
1993 10 13 0 0 0 2.5 3.4 -999 0.02 62 38     
1993 10 14 0 0 0 2.5 3.4 -999 0.05 60 40     
1993 10 15 0 0 0 2.6 3.5 -999 0.01 53 41     
1993 10 16 0 0 0 2.7 3.6 -999 0.08 52 31     
1993 10 17 0 0 0 3.3 4.1 -999 0.83 48 33     
1993 10 18 0 0 0 3 3.6 -999 0.55 45 34     
1993 10 19 0 0 0 2.8 3.4 -999 0.01 52 31     
1993 10 20 0 0 0 2.7 3.3 -999 0 54 32     
1993 10 21 0 0 0 2.6 3.3 -999 0 57 32     
1993 10 22 0 0 0 2.6 3.2 -999 0 59 36     
1993 10 23 0 0 0 2.6 3.2 -999 0 61 38     
1993 10 24 0 0 0 2.6 3.1 -999 0 63 38     
1993 10 25 0 0 0 2.6 3.1 -999 0 61 38     
1993 10 26 0 0 0 2.6 3 -999 0 60 29     
1993 10 27 0 0 0 2.6 2.9 -999 0 53 29     
1993 10 28 0 0 0 2.6 3 -999 0 60 36     
1993 10 29 0 0 0 2.6 2.9 -999 0 55 31     
1993 10 30 0 0 0 2.6 2.8 -999 0 51 22     
1993 10 31 0 0 0 2.6 2.9 -999 0 56 30     
1993 11 1 0 0 0 2.6 2.9 -999 0 51 30     
1993 11 2 0 0 0 2.5 2.7 -999 0 49 22     
1993 11 3 0 0 0 2.7 2.8 -999 0 65 33     
1993 11 4 0 0 0 2.6 2.7 -999 0 57 30     
1993 11 5 0 0 0 2.5 2.3 -999 0 40 19     
1993 11 6 0 0 0 2.4 2.5 -999 0 44 16     
1993 11 7 0 0 0 2.4 2.7 -999 0 48 24     
1993 11 8 0 0 0 2.4 2.5 -999 0 56 24     
1993 11 9 0 0 0 2.4 2.5 -999 0 54 29     
1993 11 10 0 0 0 2.4 2.5 -999 0 56 35     
1993 11 11 0 0 0 2.6 2.6 -999 0.42 46 31     
1993 11 12 0 0 0 2.6 2.6 -999 0.19 35 28     
1993 11 13 0 0 0 2.6 2.6 -999 0 38 20     
1993 11 14 0 0 0 2.5 2.5 -999 0 30 21     
1993 11 15 0 0 0 2.3 2.4 -999 0 37 16     
1993 11 16 0 0 0 2.2 2.5 -999 0 43 20     
1993 11 17 0 0 0 2.2 2.5 -999 0 47 26     
1993 11 18 0 0 0 2.2 2.5 -999 0 48 30     
1993 11 19 0 0 0 2.2 2.5 -999 0 41 12     
1993 11 20 0 0 0 2.2 2.5 -999 0 41 18     
1993 11 21 0 0 0 2.2 2.7 -999 0 50 25     
1993 11 22 0 0 0 2 2.4 -999 0.05 45 31     
1993 11 23 0 0 0 1.9 2.1 -999 0 45 22     
1993 11 24 0 0 0 1.8 2.1 -999 0 28 10     
1993 11 25 0 0 0 1.7 2.1 -999 0 28 10     
1993 11 26 0 0 0 1.5 2.1 -999 0 29 6     
1993 11 27 0 0 0 1.5 2 -999 0 42 12     
1993 11 28 0 0 0 1.5 2 -999 0 48 23     
1993 11 29 0 0 0 1.5 2 -999 0 49 27     
1993 11 30 0 0 0 1.5 2 -999 0 38 30     
1993 12 1 0 0 0 1.5 1.9 -999 0 40 19     
1993 12 2 0 0 0 1.5 1.9 -999 0 41 28     
1993 12 3 0 0 0 1.5 1.9 -999 0 38 17     
1993 12 4 0 0 0 1.6 1.9 -999 0 50 25     
1993 12 5 0 0 0 1.7 1.9 -999 0 38 16     
1993 12 6 0 0 0 1.9 1.9 -999 0 45 20     
1993 12 7 0 0 0 1.8 1.9 -999 0 42 21     
1993 12 8 0 0 0 1.8 2 -999 0 55 29     
1993 12 9 0 0 0 1.5 1.9 -999 0 55 32     
1993 12 10 0 0 0 1.5 1.9 -999 0 56 32     
1993 12 11 0 0 0 1.5 2 -999 0 56 35     
1993 12 12 0 0 0 1.6 1.9 -999 0.1 45 27     
1993 12 13 0 0 0 1.6 1.9 -999 0 33 13     
1993 12 14 0 0 0 1.6 1.9 -999 0 38 20     
1993 12 15 0 0 0 1.6 1.9 -999 0 35 20     
1993 12 16 0 0 0 1.5 1.9 -999 0.01 31 17     
1993 12 17 0 0 0 1.5 1.9 -999 0 28 17     
1993 12 18 0 0 0 1.5 1.8 -999 0 27 13     
1993 12 19 0 0 0 1.5 1.9 -999 0.01 22 8     
1993 12 20 0 0 0 1.5 1.9 -999 0 30 7     
1993 12 21 0 0 0 1.5 1.9 -999 0 35 12     
1993 12 22 0 0 0 1.5 1.9 -999 0 34 9     
1993 12 23 0 0 0 1.5 1.8 -999 0 29 16     
1993 12 24 0 0 0 1.5 1.7 -999 0 40 12     
1993 12 25 0 0 0 1.5 1.7 -999 0 46 21     
1993 12 26 0 0 0 1.5 1.6 -999 0 46 29     
1993 12 27 0 0 0 1.5 1.6 -999 0 41 29     
1993 12 28 0 0 0 1.3 1.5 -999 0 37 19     
1993 12 29 0 0 0 1.2 1.4 -999 0 34 17     
1993 12 30 0 0 0 1.1 1.4 -999 0 40 14     
1993 12 31 0 0 0 1 1.4 -999 0 44 22     
1994 1 1 0 0 0 0.87 1.3 -999 0 54 27     
1994 1 2 0 0 0 0.74 1.3 -999 0 47 24     
1994 1 3 0 0 0 0.63 1.2 -999 0 54 30     
1994 1 4 0 0 0 0.56 1.2 -999 0 57 34     
1994 1 5 0 0 0 0.49 1.2 -999 0 52 28     
1994 1 6 0 0 0 0.49 1.2 -999 0 35 21     
1994 1 7 0 0 0 0.49 1.2 -999 0 39 11     
1994 1 8 0 0 0 0.49 1.2 -999 0 49 25     
1994 1 9 0 0 0 0.49 1.3 -999 0 40 21     
1994 1 10 0 0 0 0.48 1.3 -999 0 36 17     
1994 1 11 0 0 0 0.48 1.4 -999 0 43 18     
1994 1 12 0 0 0 0.48 1.4 -999 0 38 18     
1994 1 13 0 0 0 0.48 1.3 -999 0 44 26     
1994 1 14 0 0 0 0.47 1.3 -999 0 45 24     
1994 1 15 0 0 0 0.47 1.2 -999 0 51 29     
1994 1 16 0 0 0 0.47 1.2 -999 0 47 25     
1994 1 17 0 0 0 0.46 1.2 -999 0 53 24     
1994 1 18 0 0 0 0.46 1.2 -999 0 54 30     
1994 1 19 0 0 0 0.46 1.2 -999 0 56 34     
1994 1 20 0 0 0 0.46 1.1 -999 0 54 30     
1994 1 21 0 0 0 0.45 1.1 -999 0 53 29     
1994 1 22 0 0 0 0.45 1 -999 0 52 31     
1994 1 23 0 0 0 0.45 1.1 -999 0 51 29     
1994 1 24 0 0 0 0.45 1 -999 0 45 28     
1994 1 25 0 0 0 0.43 1.1 -999 0 49 34     
1994 1 26 0 0 0 0.47 1.2 -999 0.3 42 29     
1994 1 27 0 0 0 0.45 1.2 -999 0.08 36 25     
1994 1 28 0 0 0 0.45 1.2 -999 0.04 32 18     
1994 1 29 0 0 0 0.45 1.2 -999 0.03 29 11     
1994 1 30 0 0 0 0.45 1.2 -999 0.15 29 15     
1994 1 31 0 0 0 0.45 1.2 -999 0 22 1     
1994 2 1 0 0 0 0.45 1.2 -999 0 29 2     
1994 2 2 0 0 0 0.45 1.2 -999 0 30 2     
1994 2 3 0 0 0 0.45 1.2 -999 0 41 13     
1994 2 4 0 0 0 0.45 1.2 -999 0 38 20     
1994 2 5 0 0 0 0.45 1.2 -999 0 38 17     
1994 2 6 0 0 0 0.45 1.2 -999 0 40 19     
1994 2 7 0 0 0 0.45 1.2 -999 0.22 41 30     
1994 2 8 0 0 0 0.47 1.2 -999 0.25 36 28     
1994 2 9 0 0 0 0.5 1.2 -999 0 37 11     
1994 2 10 0 0 0 0.6 1.1 -999 0.2 44 26     
1994 2 11 0 0 0 0.78 1.1 -999 0.62 38 21     
1994 2 12 0 0 0 0.82 1.2 -999 0 27 4     
1994 2 13 0 0 0 0.95 1.2 -999 0 46 4     
1994 2 14 0 0 0 0.96 1.2 -999 0 42 24     
1994 2 15 0 0 0 0.9 1.2 -999 0 52 24     
1994 2 16 0 0 0 0.8 1.1 -999 0 52 32     
1994 2 17 0 0 0 0.78 1.1 -999 0.09 47 35     
1994 2 18 0 0 0 0.79 1.1 -999 0.15 41 17     
1994 2 19 0 0 0 0.79 1.1 -999 0 33 13     
1994 2 20 0 0 0 0.72 1.2 -999 0 39 10     
1994 2 21 0 0 0 0.72 1.2 -999 0 37 16     
1994 2 22 0 0 0 0.7 1.1 -999 0 33 20     
1994 2 23 0 0 0 0.7 1.2 -999 0 40 9     
1994 2 24 0 0 0 0.72 1.2 -999 0 54 27     
1994 2 25 0 0 0 0.75 1.2 -999 0 58 32     
1994 2 26 0 0 0 0.8 1 -999 0 54 37     
1994 2 27 0 0 0 0.77 0.94 -999 0.02 50 33     
1994 2 28 0 0 0 0.76 0.93 -999 0 45 22     
1994 3 1 0 0 0 0.79 0.96 -999 0 51 25     
1994 3 2 0 0 0 0.81 1 -999 0 56 30     
1994 3 3 0 0 0 0.84 1 -999 0 59 34     
1994 3 4 0 0 0 0.87 1.1 -999 0 60 38     
1994 3 5 0 0 0 0.9 1.2 -999 0 56 33     
1994 3 6 0 0 0 0.9 1 -999 0.03 51 32     
1994 3 7 0 0 0 0.89 1 -999 0 48 27     
1994 3 8 0 0 0 0.92 1 -999 0 60 25     
1994 3 9 0 0 0 0.93 1 -999 0 52 26     
1994 3 10 0 0 0 0.94 1 -999 0 53 32     
1994 3 11 0 0 0 0.99 1.1 -999 0.45 51 29     
1994 3 12 0 0 0 0.97 1.1 -999 0.03 46 26     
1994 3 13 0 0 0 0.99 1 -999 0 57 27     
1994 3 14 0 0 0 1.1 1 -999 0 63 35     
1994 3 15 0 0 0 1.1 1.1 -999 0 67 37     
1994 3 16 0 0 0 1.2 1.2 -999 0 65 43     
1994 3 17 0 0 0 1.2 1.2 -999 0 57 36     
1994 3 18 0 0 0 1.2 1.2 -999 0 57 36     
1994 3 19 0 0 0 1 1.2 -999 0 52 42     
1994 3 20 0 0 0 1 1.1 -999 0.37 53 24     
1994 3 21 0 0 0 1 1.1 -999 0 55 30     
1994 3 22 0 0 0 1 1 -999 0.15 50 25     
1994 3 23 0 0 0 1 1.4 -999 0 39 14     
1994 3 24 0 0 0 1 1.3 -999 0 38 22     
1994 3 25 0 0 0 1.1 1.3 -999 0.7 40 22     
1994 3 26 0 0 0 1.3 1.4 -999 0 51 21     
1994 3 27 0 0 0 1.4 1.3 -999 0 47 25     
1994 3 28 0 0 0 1.4 1.4 -999 0 61 26     
1994 3 29 0 0 0 1.3 1.4 -999 0 62 35     
1994 3 30 0 0 0 1.3 1.3 -999 0 56 30     
1994 3 31 0 0 0 1.4 1.4 -999 0 64 35     
1994 4 1 0 0 0 1.4 1.4 -999 0 57 30     
1994 4 2 0 0 0 1.4 1.4 -999 0 58 33     
1994 4 3 0 0 0 1.5 1.4 -999 0.01 58 38     
1994 4 4 0 0 0 1.5 1.4 -999 0.01 52 26     
1994 4 5 0 0 0 1.4 1.3 -999 0 52 27     
1994 4 6 0 0 0 1.5 1.4 -999 0 55 33     
1994 4 7 0 0 0 1.6 1.4 -999 0.3 54 28     
1994 4 8 0 0 0 1.5 1.4 -999 0.21 47 28     
1994 4 9 0 0 0 1.6 1.5 -999 0.49 46 30     
1994 4 10 0 0 0 1.5 1.4 -999 0 45 30     
1994 4 11 0 0 0 1.5 1.4 -999 0 48 32     
1994 4 12 0 0 0 1.6 1.4 -999 0 62 31     
1994 4 13 0 0 0 1.7 1.5 -999 0 67 38     
1994 4 14 0 0 0 1.8 1.6 -999 0 67 45     
1994 4 15 0 0 0 1.8 1.6 -999 0 62 30     
1994 4 16 0 0 0 2 1.6 -999 0 74 32     
1994 4 17 0 0 0 2.4 1.9 -999 0 76 36     
1994 4 18 0 0 0 2.8 2.2 -999 0 74 48     
1994 4 19 0 0 0 3.1 2.3 -999 0 77 47     
1994 4 20 0 0 0 3.7 2.5 -999 0 74 48     
1994 4 21 0 0 0 4.7 3.1 -999 0 76 48     
1994 4 22 0 0 0 5.6 3.5 -999 0 74 51     
1994 4 23 0 0 0 6 3.4 -999 0 68 39     
1994 4 24 0 0 0 6.4 3.1 -999 0 55 34     
1994 4 25 0 0 0 6.5 3 -999 0.03 50 32     
1994 4 26 0 0 0 6.3 3 -999 0.17 41 25     
1994 4 27 0 0 0 6.1 3 -999 0.17 39 30     
1994 4 28 0 0 0 5.9 2.9 -999 0.28 38 26     
1994 4 29 0 0 0 5.6 2.7 -999 0 53 26     
1994 4 30 0 0 0 5.4 2.7 -999 0 54 31     
1994 5 1 0 0 0 5.1 2.6 -999 0 58 31     
1994 5 2 0 0 0 4.9 2.6 -999 0 58 32     
1994 5 3 0 0 0 4.9 2.3 -999 0.01 61 40     
1994 5 4 0 0 0 5.1 2.4 -999 0 73 44     
1994 5 5 0 0 0 5.6 3 -999 0 72 47     
1994 5 6 0 0 0 5.8 3.3 -999 0.01 65 45     
1994 5 7 0 0 0 5.9 3.6 -999 0 61 41     
1994 5 8 0 0 0 5.9 3.5 -999 0 60 34     
1994 5 9 0 0 0 5.9 3.7 -999 0 70 39     
1994 5 10 0 0 0 6.2 4 -999 0 71 44     
1994 5 11 0 0 0 7.5 4.7 -999 0 74 47     
1994 5 12 0 0 0 10 5.9 -999 0 77 47     
1994 5 13 0 0 0 15 7.2 -999 0.43 74 46     
1994 5 14 0 0 0 20 8.9 -999 0 76 41     
1994 5 15 0 0 0 29 9.9 -999 0.03 73 52     
1994 5 16 0 0 0 39 11 -999 0 70 43     
1994 5 17 0 0 0 36 12 -999 0.02 56 29     
1994 5 18 0 0 0 31 11 -999 0 57 36     
1994 5 19 0 0 0 27 11 -999 0 56 32     
1994 5 20 0 0 0 24 9.2 -999 0 60 31     
1994 5 21 0 0 0 21 9 -999 0 69 36     
1994 5 22 0 0 0 19 8.6 -999 0 73 40     
1994 5 23 0 0 0 19 8.9 -999 0 75 45     
1994 5 24 0 0 0 20 9.7 -999 0 74 50     
1994 5 25 0 0 0 23 11 -999 0 76 50     
1994 5 26 0 0 0 27 12 -999 0 78 50     
1994 5 27 0 0 0 29 13 -999 0 76 51     
1994 5 28 0 0 0 33 14 -999 0 76 49     
1994 5 29 0 0 0 35 14 -999 0 84 50     
1994 5 30 0 0 0 36 15 -999 0 85 54     
1994 5 31 0 0 0 42 18 -999 0.37 85 44     
1994 6 1 0 0 0 38 17 -999 0 71 46     
1994 6 2 0 0 0 36 15 -999 0 75 47     
1994 6 3 0 0 0 36 14 -999 0 81 53     
1994 6 4 0 0 0 36 15 -999 0 80 51     
1994 6 5 0 0 0 33 15 -999 0 84 49     
1994 6 6 0 0 0 31 15 -999 0 78 58     
1994 6 7 0 0 0 28 14 -999 0 71 38     
1994 6 8 0 0 0 25 15 -999 0 70 40     
1994 6 9 0 0 0 23 14 -999 0 76 43     
1994 6 10 0 0 0 23 14 -999 0 80 43     
1994 6 11 0 0 0 23 13 -999 0 90 55     
1994 6 12 0 0 0 23 14 -999 0 88 62     
1994 6 13 0 0 0 23 14 -999 0 89 68     
1994 6 14 0 0 0 22 15 -999 0 82 58     
1994 6 15 0 0 0 22 14 -999 0 79 44     
1994 6 16 0 0 0 20 14 -999 0 78 44     
1994 6 17 0 0 0 18 13 -999 0 80 44     
1994 6 18 0 0 0 17 13 -999 0 85 55     
1994 6 19 0 0 0 16 13 -999 0 87 56     
1994 6 20 0 0 0 16 12 -999 0 87 59     
1994 6 21 0 0 0 16 11 -999 0 87 62     
1994 6 22 0 0 0 15 12 -999 0.13 87 50     
1994 6 23 0 0 0 14 11 -999 0 91 50     
1994 6 24 0 0 0 13 9.6 -999 0 94 59     
1994 6 25 0 0 0 12 9.7 -999 0 92 59     
1994 6 26 0 0 0 11 9.5 -999 0 92 69     
1994 6 27 0 0 0 11 9.3 -999 0 90 49     
1994 6 28 0 0 0 9.9 9.1 -999 0 92 57     
1994 6 29 0 0 0 9.4 9 -999 0 92 63     
1994 6 30 0 0 0 8.8 8.5 -999 0 92 63     
1994 7 1 0 0 0 8.4 8.5 -999 0.04 91 64     
1994 7 2 0 0 0 8.1 8.5 -999 0.02 87 62     
1994 7 3 0 0 0 7.8 8.6 -999 0 88 55     
1994 7 4 0 0 0 7.3 8.7 -999 0 87 54     
1994 7 5 0 0 0 6.8 8.6 -999 0.01 85 53     
1994 7 6 0 0 0 6.5 8.1 -999 0 85 42     
1994 7 7 0 0 0 6.2 7.6 -999 0 76 42     
1994 7 8 0 0 0 5.8 7.3 -999 0 85 52     
1994 7 9 0 0 0 5.3 7.3 -999 0 91 58     
1994 7 10 0 0 0 4.9 7.1 -999 0 91 68     
1994 7 11 0 0 0 4.7 7.3 -999 0 89 63     
1994 7 12 0 0 0 4.5 7.3 -999 0 88 61     
1994 7 13 0 0 0 4.3 7.1 -999 0 87 60     
1994 7 14 0 0 0 4.2 7.1 -999 0 87 57     
1994 7 15 0 0 0 3.9 7 -999 0 92 59     
1994 7 16 0 0 0 3.8 6.8 -999 0 92 59     
1994 7 17 0 0 0 3.6 6.6 -999 0 90 61     
1994 7 18 0 0 0 3.5 6.5 -999 0 91 62     
1994 7 19 0 0 0 3.3 6.2 -999 0 87 60     
1994 7 20 0 0 0 3.2 6.1 -999 0 87 60     
1994 7 21 0 0 0 3 6 -999 0 88 59     
1994 7 22 0 0 0 2.9 5.9 -999 0 89 65     
1994 7 23 0 0 0 2.9 5.8 -999 0 88 58     
1994 7 24 0 0 0 2.9 5.9 -999 0 87 59     
1994 7 25 0 0 0 2.7 5.5 -999 0.05 92 60     
1994 7 26 0 0 0 2.6 5.3 -999 0 93 64     
1994 7 27 0 0 0 2.4 5.3 -999 0 95 64     
1994 7 28 0 0 0 2.5 5.3 -999 0 95 64     
1994 7 29 0 0 0 2.4 5.2 -999 0 93 64     
1994 7 30 0 0 0 2.5 5.3 -999 0.01 89 62     
1994 7 31 0 0 0 2.7 5.1 -999 0.23 87 55     
1994 8 1 0 0 0 2.4 4.8 -999 0 89 58     
1994 8 2 0 0 0 2.3 4.7 -999 0 91 59     
1994 8 3 0 0 0 2.2 4.7 -999 0 93 59     
1994 8 4 0 0 0 2.1 4.7 -999 0 92 62     
1994 8 5 0 0 0 2 4.5 -999 0 91 67     
1994 8 6 0 0 0 1.9 4.4 -999 0 93 62     
1994 8 7 0 0 0 1.8 4.4 -999 0 92 63     
1994 8 8 0 0 0 1.8 4.3 -999 0 92 68     
1994 8 9 0 0 0 2 4.3 -999 0.05 84 58     
1994 8 10 0 0 0 2.9 5.8 -999 0.65 83 57     
1994 8 11 0 0 0 3.3 5 -999 0.16 82 52     
1994 8 12 0 0 0 2.8 5.1 -999 0.17 82 55     
1994 8 13 0 0 0 2.7 5.1 -999 0.02 80 58     
1994 8 14 0 0 0 2.7 5.2 -999 0.13 82 59     
1994 8 15 0 0 0 2.6 5.3 -999 0 88 61     
1994 8 16 0 0 0 2.5 5.4 -999 0 92 61     
1994 8 17 0 0 0 2.4 5.6 -999 0 92 61     
1994 8 18 0 0 0 4.3 6.2 -999 0.7 87 58     
1994 8 19 0 0 0 3.5 5.7 -999 0.02 79 54     
1994 8 20 0 0 0 3.2 5.6 -999 0 80 58     
1994 8 21 0 0 0 3.3 5.6 -999 0.1 82 51     
1994 8 22 0 0 0 3.1 5.4 -999 0 82 60     
1994 8 23 0 0 0 3.1 5.6 -999 0 88 52     
1994 8 24 0 0 0 2.9 5.6 -999 0 87 58     
1994 8 25 0 0 0 2.8 5.5 -999 0 84 62     
1994 8 26 0 0 0 2.7 5.4 -999 0 88 59     
1994 8 27 0 0 0 3.1 5.7 -999 0.2 88 56     
1994 8 28 0 0 0 2.9 5.4 -999 0 84 53     
1994 8 29 0 0 0 2.7 5.2 -999 0 87 56     
1994 8 30 0 0 0 2.7 5.1 -999 0 87 55     
1994 8 31 0 0 0 2.6 5.1 -999 0 87 55     
1994 9 1 0 0 0 2.5 5.1 -999 0 82 55     
1994 9 2 0 0 0 2.4 5 -999 0 81 56     
1994 9 3 0 0 0 2.4 4.9 -999 0 81 49     
1994 9 4 0 0 0 2.3 4.8 -999 0 80 54     
1994 9 5 0 0 0 2.2 4.6 -999 0 81 50     
1994 9 6 0 0 0 2.2 4.5 -999 0.01 81 50     
1994 9 7 0 0 0 2.2 4.4 -999 0 85 55     
1994 9 8 0 0 0 2.2 4.3 -999 0 85 58     
1994 9 9 0 0 0 2.1 4.2 -999 0 83 54     
1994 9 10 0 0 0 2.1 4.1 -999 0 83 54     
1994 9 11 0 0 0 2.1 4 -999 0 76 49     
1994 9 12 0 0 0 2.1 4 -999 0 75 50     
1994 9 13 0 0 0 2.2 3.9 -999 0 70 42     
1994 9 14 0 0 0 2.2 3.9 -999 0 69 40     
1994 9 15 0 0 0 2.2 3.8 -999 0 69 43     
1994 9 16 0 0 0 2.2 3.7 -999 0 70 45     
1994 9 17 0 0 0 2.1 3.6 -999 0 76 49     
1994 9 18 0 0 0 2 3.4 -999 0 76 54     
1994 9 19 0 0 0 2 3.4 -999 0 72 54     
1994 9 20 0 0 0 2 3.3 -999 0 65 48     
1994 9 21 0 0 0 1.9 3.2 -999 0 73 46     
1994 9 22 0 0 0 1.9 3.1 -999 0 71 47     
1994 9 23 0 0 0 1.8 3.1 -999 0 76 48     
1994 9 24 0 0 0 1.8 3 -999 0 78 50     
1994 9 25 0 0 0 1.8 3 -999 0 75 54     
1994 9 26 0 0 0 1.7 2.9 -999 0 80 52     
1994 9 27 0 0 0 1.8 2.8 -999 0 81 54     
1994 9 28 0 0 0 1.8 2.8 -999 0 83 55     
1994 9 29 0 0 0 6.8 4.4 -999 1 58 46     
1994 9 30 0 0 0 4.4 3.8 -999 0.34 59 37     
1994 10 1 0 0 0 3.7 4.1 -999 0 62 39     
1994 10 2 0 0 0 3.6 4.1 -999 0 66 43     
1994 10 3 0 0 0 4.1 4.2 -999 0 67 32     
1994 10 4 0 0 0 5.3 4.4 -999 0.48 44 34     
1994 10 5 0 0 0 5.4 4.5 -999 0.13 54 40     
1994 10 6 0 0 0 5 4.3 -999 0.01 55 33     
1994 10 7 0 0 0 4.9 4.2 -999 0 57 33     
1994 10 8 0 0 0 4.9 4.1 -999 0 60 36     
1994 10 9 0 0 0 4.8 4 -999 0 66 39     
1994 10 10 0 0 0 4.8 3.9 -999 0 70 39     
1994 10 11 0 0 0 4.9 3.8 -999 0 66 41     
1994 10 12 0 0 0 4.9 3.7 -999 0 63 37     
1994 10 13 0 0 0 6.5 4.2 -999 0.44 60 40     
1994 10 14 0 0 0 6.8 4.3 -999 0.87 55 34     
1994 10 15 0 0 0 6.1 4 -999 0.18 50 28     
1994 10 16 0 0 0 5.8 3.8 -999 0.02 39 30     
1994 10 17 0 0 0 5.7 3.7 -999 0 51 31     
1994 10 18 0 0 0 5.6 3.5 -999 0 53 32     
1994 10 19 0 0 0 5.4 3.4 -999 0 57 32     
1994 10 20 0 0 0 5.3 3.3 -999 0 60 33     
1994 10 21 0 0 0 5.1 3.2 -999 0 64 34     
1994 10 22 0 0 0 5.1 3.2 -999 0 65 34     
1994 10 23 0 0 0 4.9 3.1 -999 0 63 37     
1994 10 24 0 0 0 4.9 3 -999 0 62 38     
1994 10 25 0 0 0 4.9 2.9 -999 0 61 35     
1994 10 26 0 0 0 4.8 2.8 -999 0 63 37     
1994 10 27 0 0 0 4.7 2.8 -999 0 65 44     
1994 10 28 0 0 0 4.6 2.7 -999 0 67 43     
1994 10 29 0 0 0 4.7 2.7 -999 0 53 27     
1994 10 30 0 0 0 4.6 2.6 -999 0 45 22     
1994 10 31 0 0 0 4.5 2.6 -999 0 57 27     
1994 11 1 0 0 0 4.6 2.6 -999 0 66 40     
1994 11 2 0 0 0 4.8 2.7 -999 0.31 56 23     
1994 11 3 0 0 0 4.8 2.6 -999 0.46 28 19     
1994 11 4 0 0 0 6.9 2.5 -999 0 32 8     
1994 11 5 0 0 0 5.2 3.1 -999 0 49 29     
1994 11 6 0 0 0 5.2 3.1 -999 0 61 29     
1994 11 7 0 0 0 4.8 2.8 -999 0 56 36     
1994 11 8 0 0 0 4.4 2.7 -999 0 38 27     
1994 11 9 0 0 0 4.2 2.5 -999 0 54 26     
1994 11 10 0 0 0 4.2 2.5 -999 0 49 33     
1994 11 11 0 0 0 4.2 2.5 -999 0.07 47 32     
1994 11 12 0 0 0 4.2 2.5 -999 0.06 43 32     
1994 11 13 0 0 0 3.9 1.9 -999 0 36 19     
1994 11 14 0 0 0 3.6 1.9 -999 0 32 15     
1994 11 15 0 0 0 3.4 1.8 -999 0 41 15     
1994 11 16 0 0 0 3.3 1.7 -999 0.08 43 27     
1994 11 17 0 0 0 3.2 1.6 -999 0.3 28 17     
1994 11 18 0 0 0 3.1 1.6 -999 0.1 25 5     
1994 11 19 0 0 0 3 1.6 -999 0 30 4     
1994 11 20 0 0 0 3 1.6 -999 0 41 11     
1994 11 21 0 0 0 4.1 1.7 -999 0 34 17     
1994 11 22 0 0 0 3.2 1.7 -999 0 30 6     
1994 11 23 0 0 0 3.4 1.7 -999 0 39 9     
1994 11 24 0 0 0 3.4 1.8 -999 0 46 22     
1994 11 25 0 0 0 3.1 1.9 -999 0 44 18     
1994 11 26 0 0 0 2.9 1.8 -999 0.31 39 18     
1994 11 27 0 0 0 2.8 1.7 -999 0 32 2     
1994 11 28 0 0 0 2.8 1.7 -999 0 40 15     
1994 11 29 0 0 0 2.7 1.8 -999 0 43 10     
1994 11 30 0 0 0 2.8 1.8 -999 0 50 26     
1994 12 1 0 0 0 2.9 1.8 -999 0 54 32     
1994 12 2 0 0 0 2.8 1.7 -999 0 49 29     
1994 12 3 0 0 0 2.8 1.7 -999 0 47 31     
1994 12 4 0 0 0 2.9 1.7 -999 0 48 31     
1994 12 5 0 0 0 2.8 1.7 -999 0.04 46 30     
1994 12 6 0 0 0 2.8 1.7 -999 0 46 26     
1994 12 7 0 0 0 2.8 1.7 -999 0.25 38 20     
1994 12 8 0 0 0 2.8 1.6 -999 0 24 8     
1994 12 9 0 0 0 2.8 1.6 -999 0 31 4     
1994 12 10 0 0 0 2.8 1.6 -999 0 32 10     
1994 12 11 0 0 0 2.8 1.6 -999 0 36 14     
1994 12 12 0 0 0 2.8 1.6 -999 0 44 19     
1994 12 13 0 0 0 2.8 1.6 -999 0.13 37 24     
1994 12 14 0 0 0 2.8 1.6 -999 0 27 5     
1994 12 15 0 0 0 2.8 1.6 -999 0 35 13     
1994 12 16 0 0 0 2.7 1.6 -999 0 50 18     
1994 12 17 0 0 0 2.5 1.5 -999 0 47 29     
1994 12 18 0 0 0 2.5 1.5 -999 0 52 29     
1994 12 19 0 0 0 2.4 1.5 -999 0 44 20     
1994 12 20 0 0 0 2.5 1.5 -999 0 46 21     
1994 12 21 0 0 0 2.5 1.5 -999 0 51 28     
1994 12 22 0 0 0 2.5 1.5 -999 0 41 29     
1994 12 23 0 0 0 2.4 1.5 -999 0 38 32     
1994 12 24 0 0 0 2.5 1.6 -999 0.07 39 31     
1994 12 25 0 0 0 2.5 1.6 -999 0.11 37 32     
1994 12 26 0 0 0 2.4 1.5 -999 0 39 26     
1994 12 27 0 0 0 2.4 1.5 -999 0 44 24     
1994 12 28 0 0 0 2.4 1.5 -999 0 40 25     
1994 12 29 0 0 0 2.4 1.5 -999 0.07 36 27     
1994 12 30 0 0 0 2.2 1.5 -999 0 30 13     
1994 12 31 0 0 0 2.5 1.4 -999 0.01 21 9     
1995 1 1 0 0 0 2.1 1.2 -999 0 21 5     
1995 1 2 0 0 0 2 1.1 -999 0 31 3     
1995 1 3 0 0 0 2 1.4 -999 0 40 12     
1995 1 4 0 0 0 2 1.3 -999 0.05 29 18     
1995 1 5 0 0 0 2 1.2 -999 0.17 34 23     
1995 1 6 0 0 0 1.9 1.2 -999 0 39 24     
1995 1 7 0 0 0 1.9 1.2 -999 0 44 25     
1995 1 8 0 0 0 1.8 1.2 -999 0 43 25     
1995 1 9 0 0 0 1.8 1.2 -999 0 49 31     
1995 1 10 0 0 0 1.7 1.3 -999 0 44 32     
1995 1 11 0 0 0 1.7 1.3 -999 0 44 35     
1995 1 12 0 0 0 1.6 1.2 -999 0 40 23     
1995 1 13 0 0 0 1.6 1.3 -999 0 41 29     
1995 1 14 0 0 0 1.5 1.3 -999 0 55 30     
1995 1 15 0 0 0 1.5 1.4 -999 0.32 42 27     
1995 1 16 0 0 0 1.5 1.2 -999 0 34 22     
1995 1 17 0 0 0 1.5 1.3 -999 0 32 17     
1995 1 18 0 0 0 1.5 1.4 -999 0 36 14     
1995 1 19 0 0 0 1.5 1.5 -999 0 39 20     
1995 1 20 0 0 0 1.5 1.5 -999 0 39 19     
1995 1 21 0 0 0 1.5 1.4 -999 0.02 33 22     
1995 1 22 0 0 0 1.5 1.4 -999 0 32 16     
1995 1 23 0 0 0 1.6 1.4 -999 0 33 18     
1995 1 24 0 0 0 1.6 1.4 -999 0.25 32 19     
1995 1 25 0 0 0 1.6 1.4 -999 0.49 35 29     
1995 1 26 0 0 0 1.6 1.3 -999 0.34 40 29     
1995 1 27 0 0 0 1.6 1.2 -999 0 41 22     
1995 1 28 0 0 0 1.7 1.2 -999 0 37 16     
1995 1 29 0 0 0 1.7 1.3 -999 0 39 23     
1995 1 30 0 0 0 1.7 1.3 -999 0 45 23     
1995 1 31 0 0 0 1.8 1.5 -999 0 58 30     
1995 2 1 0 0 0 1.9 1.6 -999 0 59 34     
1995 2 2 0 0 0 1.9 1.6 -999 0 54 34     
1995 2 3 0 0 0 1.9 1.5 -999 0 54 30     
1995 2 4 0 0 0 1.9 1.5 -999 0 56 33     
1995 2 5 0 0 0 1.9 1.5 -999 0 55 31     
1995 2 6 0 0 0 1.9 1.5 -999 0 55 32     
1995 2 7 0 0 0 1.9 1.5 -999 0 56 31     
1995 2 8 0 0 0 2 1.5 -999 0.09 47 31     
1995 2 9 0 0 0 2 1.5 -999 0 44 21     
1995 2 10 0 0 0 2 1.4 -999 0 48 24     
1995 2 11 0 0 0 1.9 1.5 -999 0 47 30     
1995 2 12 0 0 0 1.9 1.4 -999 0 52 31     
1995 2 13 0 0 0 1.9 1.4 -999 0 43 29     
1995 2 14 0 0 0 1.9 1.4 -999 0.56 38 21     
1995 2 15 0 0 0 2.1 1.6 -999 0 40 7     
1995 2 16 0 0 0 2.3 1.5 -999 0 48 22     
1995 2 17 0 0 0 2.2 1.4 -999 0 55 28     
1995 2 18 0 0 0 1.9 1.4 -999 0 51 32     
1995 2 19 0 0 0 1.9 1.4 -999 0 56 29     
1995 2 20 0 0 0 2 1.4 -999 0 57 31     
1995 2 21 0 0 0 2 1.5 -999 0 62 34     
1995 2 22 0 0 0 2 1.6 -999 0 56 35     
1995 2 23 0 0 0 2.1 1.6 -999 0 57 33     
1995 2 24 0 0 0 2.1 1.6 -999 0 60 32     
1995 2 25 0 0 0 2.2 1.7 -999 0 58 34     
1995 2 26 0 0 0 2.2 1.6 -999 0 61 36     
1995 2 27 0 0 0 2.3 1.6 -999 0 53 36     
1995 2 28 0 0 0 2.3 1.6 -999 0.01 48 32     
1995 3 1 0 0 0 2.4 1.6 -999 0.08 47 29     
1995 3 2 0 0 0 2.3 1.6 -999 0.04 45 26     
1995 3 3 0 0 0 2.4 1.6 -999 0.01 42 32     
1995 3 4 0 0 0 2.4 1.5 -999 0.2 41 21     
1995 3 5 0 0 0 2.4 1.5 -999 0.2 47 31     
1995 3 6 0 0 0 2.5 1.3 -999 0.03 46 14     
1995 3 7 0 0 0 3.3 2 -999 0 49 19     
1995 3 8 0 0 0 2.4 1.5 -999 0 54 31     
1995 3 9 0 0 0 2.4 1.4 -999 0 61 34     
1995 3 10 0 0 0 3.3 1.8 -999 0 53 37     
1995 3 11 0 0 0 4.6 2.7 -999 0.08 53 37     
1995 3 12 0 0 0 3.6 2.1 -999 0.01 46 29     
1995 3 13 0 0 0 3.4 1.9 -999 0 53 30     
1995 3 14 0 0 0 3.4 1.8 -999 0 62 31     
1995 3 15 0 0 0 3.5 1.8 -999 0 63 38     
1995 3 16 0 0 0 3.5 1.8 -999 0 61 29     
1995 3 17 0 0 0 3.5 1.7 -999 0 56 30     
1995 3 18 0 0 0 3.7 1.8 -999 0 63 37     
1995 3 19 0 0 0 4 2.1 -999 0 58 34     
1995 3 20 0 0 0 3.9 2 -999 0 60 37     
1995 3 21 0 0 0 4.2 2 -999 0.48 50 34     
1995 3 22 0 0 0 4.1 2 -999 0.11 45 21     
1995 3 23 0 0 0 4 1.9 -999 0.06 42 20     
1995 3 24 0 0 0 4.3 1.9 -999 0 39 15     
1995 3 25 0 0 0 4.2 1.8 -999 0 38 19     
1995 3 26 0 0 0 3.8 1.8 -999 0 38 17     
1995 3 27 0 0 0 3.5 1.7 -999 0 37 25     
1995 3 28 0 0 0 3.5 1.6 -999 0 35 18     
1995 3 29 0 0 0 3.6 1.5 -999 0 38 19     
1995 3 30 0 0 0 3.5 1.8 -999 0 45 19     
1995 3 31 0 0 0 2.8 1.6 -999 0 54 26     
1995 4 1 0 0 0 2.7 1.6 -999 0 57 30     
1995 4 2 0 0 0 2.6 1.5 -999 0.02 51 32     
1995 4 3 0 0 0 2.5 1.6 -999 0 57 28     
1995 4 4 0 0 0 2.5 1.7 -999 0 68 29     
1995 4 5 0 0 0 2.6 1.7 -999 0 68 41     
1995 4 6 0 0 0 2.6 1.7 -999 0 66 42     
1995 4 7 0 0 0 2.8 1.8 -999 0 64 32     
1995 4 8 0 0 0 3.1 1.9 -999 0 62 33     
1995 4 9 0 0 0 3.2 2 -999 0.01 49 24     
1995 4 10 0 0 0 3.2 2 -999 0 46 24     
1995 4 11 0 0 0 3.4 2.2 -999 0 56 25     
1995 4 12 0 0 0 3.5 2.3 -999 0 63 34     
1995 4 13 0 0 0 3.7 2.6 -999 0 64 44     
1995 4 14 0 0 0 4 2.9 -999 0.01 62 29     
1995 4 15 0 0 0 4.1 2.9 -999 0.01 39 23     
1995 4 16 0 0 0 4.2 2.8 -999 0.43 48 28     
1995 4 17 0 0 0 4.2 3 -999 0 49 26     
1995 4 18 0 0 0 4.4 3.2 -999 0.24 46 30     
1995 4 19 0 0 0 4.7 3.4 -999 0.8 45 27     
1995 4 20 0 0 0 4.5 3.1 -999 0.1 41 26     
1995 4 21 0 0 0 4.3 2.9 -999 0.1 44 27     
1995 4 22 0 0 0 4.2 2.9 -999 0 46 32     
1995 4 23 0 0 0 4.4 3.2 -999 0 52 32     
1995 4 24 0 0 0 4.6 3.5 -999 0 63 33     
1995 4 25 0 0 0 4.9 3.9 -999 0 66 40     
1995 4 26 0 0 0 5.1 4 -999 0 62 29     
1995 4 27 0 0 0 5.4 4.6 -999 0 67 40     
1995 4 28 0 0 0 5.8 4.8 -999 0 60 40     
1995 4 29 0 0 0 6.5 5.1 -999 0.2 64 37     
1995 4 30 0 0 0 8.1 5.7 -999 0.17 62 43     
1995 5 1 0 0 0 9.2 5.9 -999 0 66 36     
1995 5 2 0 0 0 11 6.7 -999 0.11 62 36     
1995 5 3 0 0 0 11 6.8 -999 0 55 31     
1995 5 4 0 0 0 12 6.7 -999 0 60 34     
1995 5 5 0 0 0 12 7.1 -999 0 58 34     
1995 5 6 0 0 0 12 7.4 -999 0.03 47 28     
1995 5 7 0 0 0 12 6.6 -999 0 50 28     
1995 5 8 0 0 0 11 7.2 -999 0.01 65 30     
1995 5 9 0 0 0 11 6.5 -999 0 60 35     
1995 5 10 0 0 0 10 6.3 -999 0 66 35     
1995 5 11 0 0 0 11 6.7 -999 0.04 65 43     
1995 5 12 0 0 0 11 7.1 -999 0.02 53 35     
1995 5 13 0 0 0 11 7.2 -999 0 48 30     
1995 5 14 0 0 0 12 7.3 -999 0.03 52 31     
1995 5 15 0 0 0 13 7.4 -999 0.21 58 32     
1995 5 16 0 0 0 12 7.4 -999 0 61 34     
1995 5 17 0 0 0 12 7.7 -999 0 65 42     
1995 5 18 0 0 0 13 7.6 -999 0 64 41     
1995 5 19 0 0 0 14 8.2 -999 0 69 40     
1995 5 20 0 0 0 16 8.6 -999 0 73 45     
1995 5 21 0 0 0 18 9.6 -999 0 75 45     
1995 5 22 0 0 0 23 10 -999 0 70 46     
1995 5 23 0 0 0 29 9.6 -999 0.04 62 37     
1995 5 24 0 0 0 37 10 -999 1.85 48 34     
1995 5 25 0 0 0 38 9.8 -999 0.5 52 38     
1995 5 26 0 0 0 37 10 -999 0.01 60 36     
1995 5 27 0 0 0 35 9.7 -999 0 58 35     
1995 5 28 0 0 0 34 9.5 -999 0 56 34     
1995 5 29 0 0 0 33 9.2 -999 0.01 62 40     
1995 5 30 0 0 0 32 9.3 -999 0.09 66 39     
1995 5 31 0 0 0 32 9.5 -999 0 71 42     
1995 6 1 0 0 0 34 11 -999 0 71 48     
1995 6 2 0 0 0 46 14 -999 0.5 73 43     
1995 6 3 0 0 0 66 17 -999 0.25 62 45     
1995 6 4 0 0 0 76 23 -999 0 68 44     
1995 6 5 0 0 0 89 36 -999 0 75 48     
1995 6 6 0 0 0 108 44 -999 0 70 28     
1995 6 7 0 0 0 111 43 -999 0.59 40 28     
1995 6 8 0 0 0 102 38 -999 0.52 51 32     
1995 6 9 0 0 0 89 33 -999 0 61 34     
1995 6 10 0 0 0 77 32 -999 0 67 38     
1995 6 11 0 0 0 71 33 -999 0 79 46     
1995 6 12 0 0 0 90 37 -999 0 82 54     
1995 6 13 0 0 0 159 44 -999 0 83 56     
1995 6 14 0 0 0 196 49 -999 0 82 51     
1995 6 15 0 0 0 209 57 -999 0 78 56     
1995 6 16 0 0 0 181 53 -999 0.89 69 39     
1995 6 17 0 0 0 143 34 -999 0 59 32     
1995 6 18 0 0 0 115 30 -999 0 66 38     
1995 6 19 0 0 0 93 19 -999 0 70 36     
1995 6 20 0 0 0 88 27 -999 0 72 41     
1995 6 21 0 0 0 89 36 -999 0 71 32     
1995 6 22 0 0 0 88 35 -999 0 69 38     
1995 6 23 0 0 0 102 38 -999 0 74 42     
1995 6 24 0 0 0 131 49 -999 0 74 47     
1995 6 25 0 0 0 158 52 -999 0 79 50     
1995 6 26 0 0 0 180 60 -999 0 81 52     
1995 6 27 0 0 0 198 62 -999 0 81 57     
1995 6 28 0 0 0 208 61 -999 0.08 77 50     
1995 6 29 0 0 0 209 58 -999 0 68 47     
1995 6 30 0 0 0 197 52 -999 0.01 73 48     
1995 7 1 0 0 0 189 50 -999 0.25 69 50     
1995 7 2 0 0 0 174 54 -999 0.02 75 45     
1995 7 3 0 0 0 185 56 -999 0.02 73 51     
1995 7 4 0 0 0 164 55 -999 0 75 45     
1995 7 5 0 0 0 165 52 -999 0 85 50     
1995 7 6 0 0 0 174 49 -999 0 86 51     
1995 7 7 0 0 0 180 51 -999 0 86 62     
1995 7 8 0 0 0 191 50 -999 0.07 86 60     
1995 7 9 0 0 0 176 51 -999 0.01 85 55     
1995 7 10 0 0 0 189 51 -999 0 86 68     
1995 7 11 0 0 0 174 52 -999 0 82 62     
1995 7 12 0 0 0 176 49 -999 0 80 60     
1995 7 13 0 0 0 155 48 -999 0 81 52     
1995 7 14 0 0 0 131 46 -999 0 79 50     
1995 7 15 0 0 0 117 43 -999 0 86 51     
1995 7 16 0 0 0 106 42 -999 0 84 57     
1995 7 17 0 0 0 99 41 -999 0 82 60     
1995 7 18 0 0 0 96 40 -999 0 81 54     
1995 7 19 0 0 0 94 45 -999 0 84 56     
1995 7 20 0 0 0 88 45 -999 0 85 55     
1995 7 21 0 0 0 84 41 -999 0 85 55     
1995 7 22 0 0 0 80 41 -999 0 86 56     
1995 7 23 0 0 0 76 41 -999 0 82 50     
1995 7 24 0 0 0 73 37 -999 0 88 54     
1995 7 25 0 0 0 70 37 -999 0 90 54     
1995 7 26 0 0 0 67 35 -999 0.01 91 60     
1995 7 27 0 0 0 64 31 -999 0 93 59     
1995 7 28 0 0 0 62 30 -999 0 95 61     
1995 7 29 0 0 0 62 28 -999 0 94 65     
1995 7 30 0 0 0 62 28 -999 0.15 91 55     
1995 7 31 0 0 0 59 28 -999 0 80 48     
1995 8 1 0 0 0 55 27 -999 0 86 55     
1995 8 2 0 0 0 52 25 -999 0 87 56     
1995 8 3 0 0 0 50 25 -999 0.05 83 62     
1995 8 4 0 0 0 47 24 -999 0.06 88 58     
1995 8 5 0 0 0 45 24 -999 0 92 59     
1995 8 6 0 0 0 44 23 -999 0 91 60     
1995 8 7 0 0 0 42 23 -999 0 89 71     
1995 8 8 0 0 0 40 22 -999 0 85 56     
1995 8 9 0 0 0 39 21 -999 0 90 48     
1995 8 10 0 0 0 37 20 -999 0.03 90 68     
1995 8 11 0 0 0 35 19 -999 0 86 69     
1995 8 12 0 0 0 33 19 -999 0 84 60     
1995 8 13 0 0 0 31 19 -999 0 89 59     
1995 8 14 0 0 0 29 18 -999 0 84 51     
1995 8 15 0 0 0 27 17 -999 0 89 56     
1995 8 16 0 0 0 25 17 -999 0 86 62     
1995 8 17 0 0 0 25 16 -999 0 82 54     
1995 8 18 0 0 0 23 16 -999 0 82 50     
1995 8 19 0 0 0 22 16 -999 0 82 49     
1995 8 20 0 0 0 21 15 -999 0 80 58     
1995 8 21 0 0 0 20 15 -999 0 80 60     
1995 8 22 0 0 0 14 16 -999 0.37 78 55     
1995 8 23 0 0 0 13 15 -999 0 84 57     
1995 8 24 0 0 0 12 14 -999 0.07 83 57     
1995 8 25 0 0 0 11 14 -999 0 84 56     
1995 8 26 0 0 0 9.6 14 -999 0 85 55     
1995 8 27 0 0 0 8.9 13 -999 0 83 57     
1995 8 28 0 0 0 8.2 13 -999 0 85 58     
1995 8 29 0 0 0 7.6 13 -999 0 86 57     
1995 8 30 0 0 0 7.3 12 -999 0 88 55     
1995 8 31 0 0 0 6.8 13 -999 0 89 57     
1995 9 1 0 0 0 6.6 12 -999 0 90 62     
1995 9 2 0 0 0 6.2 12 -999 0 88 60     
1995 9 3 0 0 0 6 11 -999 0 87 60     
1995 9 4 0 0 0 6.7 11 -999 0.26 89 62     
1995 9 5 0 0 0 6.2 11 -999 0.32 84 49     
1995 9 6 0 0 0 5.6 11 -999 0 85 51     
1995 9 7 0 0 0 5.2 10 -999 0.05 84 54     
1995 9 8 0 0 0 5 10 -999 0 81 51     
1995 9 9 0 0 0 4.9 9.8 -999 0 80 49     
1995 9 10 0 0 0 4.5 9.6 -999 0 80 53     
1995 9 11 0 0 0 4.4 9.2 -999 0 79 50     
1995 9 12 0 0 0 4.2 9.1 -999 0 80 50     
1995 9 13 0 0 0 4 9 -999 0 83 51     
1995 9 14 0 0 0 3.9 8.5 -999 0 85 53     
1995 9 15 0 0 0 3.7 8.2 -999 0 85 56     
1995 9 16 0 0 0 3.5 8 -999 0 87 55     
1995 9 17 0 0 0 3.4 7.9 -999 0 82 54     
1995 9 18 0 0 0 3.5 7.4 -999 0 81 47     
1995 9 19 0 0 0 3.3 7.3 -999 0 83 50     
1995 9 20 0 0 0 3.2 7.1 -999 0 79 49     
1995 9 21 0 0 0 3.4 7.2 -999 0 74 34     
1995 9 22 0 0 0 3.5 7 -999 0 75 33     
1995 9 23 0 0 0 3.1 6.8 -999 0 76 33     
1995 9 24 0 0 0 3 6.8 -999 0 74 41     
1995 9 25 0 0 0 3 6.3 -999 0 76 46     
1995 9 26 0 0 0 2.8 6.2 -999 0 73 43     
1995 9 27 0 0 0 2.7 5.9 -999 0 74 45     
1995 9 28 0 0 0 2.6 5.7 -999 0 72 46     
1995 9 29 0 0 0 2.8 5.8 -999 0 69 38     
1995 9 30 0 0 0 2.9 5.6 -999 0 57 31     
1995 10 1 0 0 0 2.7 5.2 -999 0.05 62 35     
1995 10 2 0 0 0 2.6 5.1 -999 0 64 35     
1995 10 3 0 0 0 2.5 4.9 -999 0 75 40     
1995 10 4 0 0 0 2.6 4.8 -999 0 52 33     
1995 10 5 0 0 0 2.8 4.8 -999 0 51 25     
1995 10 6 0 0 0 2.7 4.5 -999 0 65 29     
1995 10 7 0 0 0 2.6 4.3 -999 0 70 38     
1995 10 8 0 0 0 2.4 4.3 -999 0 63 32     
1995 10 9 0 0 0 2.3 4.2 -999 0 72 39     
1995 10 10 0 0 0 2.2 4 -999 0 75 40     
1995 10 11 0 0 0 2.1 3.8 -999 0 76 51     
1995 10 12 0 0 0 2.2 3.8 -999 0 72 53     
1995 10 13 0 0 0 2.4 3.9 -999 0 56 26     
1995 10 14 0 0 0 2.4 3.9 -999 0 73 31     
1995 10 15 0 0 0 2.2 3.7 -999 0 73 39     
1995 10 16 0 0 0 2.1 3.7 -999 0 73 46     
1995 10 17 0 0 0 2.1 3.4 -999 0 68 38     
1995 10 18 0 0 0 2.1 3.4 -999 0 70 46     
1995 10 19 0 0 0 2.1 3.4 -999 0 70 32     
1995 10 20 0 0 0 2.1 3.4 -999 0 71 32     
1995 10 21 0 0 0 2.1 3.3 -999 0 68 44     
1995 10 22 0 0 0 2.1 3.2 -999 0 65 27     
1995 10 23 0 0 0 1.9 3.1 -999 0 42 22     
1995 10 24 0 0 0 2.1 3 -999 0 52 24     
1995 10 25 0 0 0 2.2 3.2 -999 0 61 31     
1995 10 26 0 0 0 2.1 3.1 -999 0 69 44     
1995 10 27 0 0 0 1.9 3 -999 0 64 37     
1995 10 28 0 0 0 1.9 2.7 -999 0 66 40     
1995 10 29 0 0 0 1.9 2.7 -999 0.03 64 45     
1995 10 30 0 0 0 1.8 2.7 -999 0 69 40     
1995 10 31 0 0 0 1.8 2.7 -999 0 61 46     
1995 11 1 0 0 0 1.8 2.7 -999 0 58 26     
1995 11 2 0 0 0 1.9 2.5 -999 0 43 14     
1995 11 3 0 0 0 2.9 2.5 -999 0.02 49 19     
1995 11 4 0 0 0 2.5 2.5 -999 0 46 20     
1995 11 5 0 0 0 2.6 2.6 -999 0 62 27     
1995 11 6 0 0 0 1.8 2 -999 0 57 32     
1995 11 7 0 0 0 1.8 2 -999 0 60 30     
1995 11 8 0 0 0 1.7 2.1 -999 0 68 38     
1995 11 9 0 0 0 1.7 2.3 -999 0 54 48     
1995 11 10 0 0 0 1.8 2.7 -999 0.04 53 27     
1995 11 11 0 0 0 1.7 2.8 -999 0 63 25     
1995 11 12 0 0 0 1.7 2.9 -999 0 65 41     
1995 11 13 0 0 0 1.7 2.6 -999 0 63 39     
1995 11 14 0 0 0 1.7 2.4 -999 0 60 44     
1995 11 15 0 0 0 1.7 2.4 -999 0 63 33     
1995 11 16 0 0 0 1.7 2.3 -999 0 61 35     
1995 11 17 0 0 0 1.7 2.4 -999 0 61 35     
1995 11 18 0 0 0 1.6 2.5 -999 0 66 39     
1995 11 19 0 0 0 1.7 2.7 -999 0 61 33     
1995 11 20 0 0 0 1.8 2.8 -999 0 64 31     
1995 11 21 0 0 0 1.7 2.8 -999 0 61 34     
1995 11 22 0 0 0 1.8 2.8 -999 0 56 34     
1995 11 23 0 0 0 1.8 2.8 -999 0 55 31     
1995 11 24 0 0 0 1.7 2.7 -999 0 69 31     
1995 11 25 0 0 0 1.7 2.7 -999 0 68 42     
1995 11 26 0 0 0 1.8 2.7 -999 0.01 51 32     
1995 11 27 0 0 0 1.2 2.3 -999 0 39 18     
1995 11 28 0 0 0 2 2.9 -999 0 54 21     
1995 11 29 0 0 0 1.7 2.9 -999 0 59 25     
1995 11 30 0 0 0 1.7 2.8 -999 0 66 35     
1995 12 1 0 0 0 1.7 2.8 -999 0 67 39     
1995 12 2 0 0 0 1.7 2.7 -999 0 55 32     
1995 12 3 0 0 0 1.7 2.7 -999 0 49 24     
1995 12 4 0 0 0 1.8 2.7 -999 0 59 36     
1995 12 5 0 0 0 1.8 2.7 -999 0.01 61 33     
1995 12 6 0 0 0 1.8 2.7 -999 0 54 33     
1995 12 7 0 0 0 1.8 2.7 -999 0 53 32     
1995 12 8 0 0 0 1.7 2.7 -999 0 51 24     
1995 12 9 0 0 0 1.8 2.9 -999 0 51 24     
1995 12 10 0 0 0 1.8 2.7 -999 0 60 33     
1995 12 11 0 0 0 1.9 2.7 -999 0 50 36     
1995 12 12 0 0 0 1.8 2.7 -999 0 55 35     
1995 12 13 0 0 0 2 2.7 -999 0.11 48 28     
1995 12 14 0 0 0 1.8 2.6 -999 0 45 28     
1995 12 15 0 0 0 2 2.7 -999 0 47 28     
1995 12 16 0 0 0 2.2 2.8 -999 0.07 44 26     
1995 12 17 0 0 0 2.2 2.2 -999 0 47 25     
1995 12 18 0 0 0 2.3 1.9 -999 0 44 22     
1995 12 19 0 0 0 2.3 1.9 -999 0.11 49 27     
1995 12 20 0 0 0 2 1.9 -999 0 44 22     
1995 12 21 0 0 0 1.8 1.9 -999 0 28 6     
1995 12 22 0 0 0 1.6 1.9 -999 0.07 41 19     
1995 12 23 0 0 0 1.5 1.9 -999 0.01 39 17     
1995 12 24 0 0 0 1.3 1.9 -999 0 51 29     
1995 12 25 0 0 0 1.1 2 -999 0.04 37 15     
1995 12 26 0 0 0 0.95 2 -999 0.01 39 5     
1995 12 27 0 0 0 0.85 2 -999 0 44 22     
1995 12 28 0 0 0 0.78 2.1 -999 0.04 40 18     
1995 12 29 0 0 0 0.7 2.1 -999 0 47 25     
1995 12 30 0 0 0 0.62 2.1 -999 0.02 42 20     
1995 12 31 0 0 0 0.57 2.1 -999 0 40 18     
1996 1 1 0 0 0 0.5 2 -999 0 41 17     
1996 1 2 0 0 0 0.46 1.9 -999 0 51 15     
1996 1 3 0 0 0 0.41 1.9 -999 0 51 29     
1996 1 4 0 0 0 0.38 1.7 -999 0 48 27     
1996 1 5 0 0 0 0.35 1.8 -999 0 45 24     
1996 1 6 0 0 0 0.31 1.8 -999 0 51 17     
1996 1 7 0 0 0 0.28 1.8 -999 0 55 26     
1996 1 8 0 0 0 0.26 1.8 -999 0 58 31     
1996 1 9 0 0 0 0.24 1.8 -999 0 56 34     
1996 1 10 0 0 0 0.23 1.8 -999 0 56 32     
1996 1 11 0 0 0 0.21 1.8 -999 0 45 22     
1996 1 12 0 0 0 0.19 1.8 -999 0 51 26     
1996 1 13 0 0 0 0.18 1.7 -999 0 56 30     
1996 1 14 0 0 0 0.18 1.7 -999 0 56 32     
1996 1 15 0 0 0 0.17 1.7 -999 0 59 32     
1996 1 16 0 0 0 0.17 1.8 -999 0 51 34     
1996 1 17 0 0 0 0.16 1.9 -999 0.01 44 22     
1996 1 18 0 0 0 0.15 2.2 -999 0.23 30 6     
1996 1 19 0 0 0 0.14 2.4 -999 0.1 40 19     
1996 1 20 0 0 0 0.13 2.1 -999 0 39 17     
1996 1 21 0 0 0 0.13 2.2 -999 0 37 29     
1996 1 22 0 0 0 0.12 1.9 -999 0.3 31 15     
1996 1 23 0 0 0 0.12 1.9 -999 0 36 6     
1996 1 24 0 0 0 0.11 1.9 -999 0 43 22     
1996 1 25 0 0 0 0.11 1.9 -999 0.16 39 18     
1996 1 26 0 0 0 0.1 1.8 -999 0 28 5     
1996 1 27 0 0 0 0.1 1.8 -999 0 49 9     
1996 1 28 0 0 0 0.1 1.8 -999 0.5 39 26     
1996 1 29 0 0 0 0.09 1.8 -999 0 50 25     
1996 1 30 0 0 0 0.09 1.8 -999 0.2 48 29     
1996 1 31 0 0 0 0.09 1.8 -999 0 37 21     
1996 2 1 0 0 0 0.08 1.7 -999 0.03 26 15     
1996 2 2 0 0 0 0.08 1.7 -999 0 29 11     
1996 2 3 0 0 0 0.08 2.1 -999 0 33 7     
1996 2 4 0 0 0 0.08 2.1 -999 0 44 7     
1996 2 5 0 0 0 0.07 1.8 -999 0 50 32     
1996 2 6 0 0 0 0.07 1.7 -999 0 54 31     
1996 2 7 0 0 0 0.07 1.7 -999 0 59 32     
1996 2 8 0 0 0 0.06 1.7 -999 0 65 36     
1996 2 9 0 0 0 0.06 1.8 -999 0 63 42     
1996 2 10 0 0 0 0.06 1.7 -999 0 60 35     
1996 2 11 0 0 0 0.06 1.7 -999 0 50 28     
1996 2 12 0 0 0 0.06 1.7 -999 0 51 29     
1996 2 13 0 0 0 0.06 1.6 -999 0 55 29     
1996 2 14 0 0 0 0.07 1.6 -999 0 58 29     
1996 2 15 0 0 0 0.07 1.7 -999 0 60 34     
1996 2 16 0 0 0 0.08 1.6 -999 0 60 35     
1996 2 17 0 0 0 0.08 1.7 -999 0 66 35     
1996 2 18 0 0 0 0.09 1.7 -999 0 58 31     
1996 2 19 0 0 0 0.1 1.6 -999 0 52 36     
1996 2 20 0 0 0 0.11 2.2 -999 0.85 46 35     
1996 2 21 0 0 0 0.13 1.9 -999 0.05 44 34     
1996 2 22 0 0 0 0.14 1.5 -999 0.41 44 23     
1996 2 23 0 0 0 0.15 1.4 -999 0 47 8     
1996 2 24 0 0 0 0.16 1.6 -999 0 43 29     
1996 2 25 0 0 0 0.17 1.8 -999 0.73 40 16     
1996 2 26 0 0 0 0.18 1.2 -999 0.21 28 10     
1996 2 27 0 0 0 0.19 1.6 -999 0.1 24 3     
1996 2 28 0 0 0 0.19 2.2 -999 0 26 4     
1996 2 29 0 0 0 0.19 1.8 -999 0 33 7     
1996 3 1 0 0 0 0.19 1.7 -999 0 41 13     
1996 3 2 0 0 0 0.18 1.7 -999 0 43 16     
1996 3 3 0 0 0 0.18 1.7 -999 0 50 25     
1996 3 4 0 0 0 0.18 1.5 -999 0 50 33     
1996 3 5 0 0 0 0.19 1.5 -999 0.52 44 31     
1996 3 6 0 0 0 0.2 1.5 -999 0 41 24     
1996 3 7 0 0 0 0.23 1.5 -999 0 49 19     
1996 3 8 0 0 0 0.28 1.6 -999 0 51 27     
1996 3 9 0 0 0 0.34 1.6 -999 0 61 27     
1996 3 10 0 0 0 0.44 1.7 -999 0 62 39     
1996 3 11 0 0 0 0.57 1.6 -999 0 55 34     
1996 3 12 0 0 0 0.61 1.6 -999 0.17 45 31     
1996 3 13 0 0 0 0.68 1.6 -999 0.81 37 30     
1996 3 14 0 0 0 0.73 1.6 -999 0 46 30     
1996 3 15 0 0 0 0.79 1.6 -999 0 54 27     
1996 3 16 0 0 0 0.77 1.7 -999 0 52 34     
1996 3 17 0 0 0 0.83 1.8 -999 0 57 33     
1996 3 18 0 0 0 0.85 1.8 -999 0 49 26     
1996 3 19 0 0 0 0.88 1.8 -999 0 56 27     
1996 3 20 0 0 0 1 1.8 -999 0 68 29     
1996 3 21 0 0 0 1.1 2 -999 0 69 38     
1996 3 22 0 0 0 1.2 2.1 -999 0 62 43     
1996 3 23 0 0 0 1.2 2.1 -999 0 53 25     
1996 3 24 0 0 0 1.2 1.7 -999 0 46 21     
1996 3 25 0 0 0 1.5 1.8 -999 0.19 42 24     
1996 3 26 0 0 0 0.82 1.8 -999 0 46 13     
1996 3 27 0 0 0 1.1 1.7 -999 0 58 21     
1996 3 28 0 0 0 1.1 1.7 -999 0 58 29     
1996 3 29 0 0 0 1.1 1.8 -999 0.16 44 24     
1996 3 30 0 0 0 1 1.7 -999 0 60 29     
1996 3 31 0 0 0 1 2.4 -999 0 62 32     
1996 4 1 0 0 0 0.98 2.7 -999 0 64 38     
1996 4 2 0 0 0 1.2 3.1 -999 0.13 57 33     
1996 4 3 0 0 0 1.1 2.8 -999 0 51 27     
1996 4 4 0 0 0 1.3 3 -999 0.4 48 31     
1996 4 5 0 0 0 1.2 2.7 -999 0 54 29     
1996 4 6 0 0 0 1.1 2.4 -999 0 62 31     
1996 4 7 0 0 0 1.2 2.5 -999 0 69 37     
1996 4 8 0 0 0 1.2 2.6 -999 0 72 37     
1996 4 9 0 0 0 1.4 3 -999 0 73 45     
1996 4 10 0 0 0 1.6 3.1 -999 0 68 40     
1996 4 11 0 0 0 1.7 3.1 -999 0 65 32     
1996 4 12 0 0 0 1.6 3 -999 0.05 57 33     
1996 4 13 0 0 0 1.6 2.9 -999 0 56 24     
1996 4 14 0 0 0 1.6 2.6 -999 0 52 21     
1996 4 15 0 0 0 1.5 2.6 -999 0 62 28     
1996 4 16 0 0 0 1.5 2.6 -999 0 61 39     
1996 4 17 0 0 0 1.6 2.5 -999 0.25 53 34     
1996 4 18 0 0 0 1.7 2.5 -999 0.3 49 29     
1996 4 19 0 0 0 1.7 2.4 -999 0 49 23     
1996 4 20 0 0 0 1.6 2.3 -999 0.05 48 24     
1996 4 21 0 0 0 1.5 2.2 -999 0 48 26     
1996 4 22 0 0 0 1.4 2.1 -999 0 64 28     
1996 4 23 0 0 0 1.3 2.1 -999 0 70 40     
1996 4 24 0 0 0 1.5 2.1 -999 0 74 50     
1996 4 25 0 0 0 1.8 2.5 -999 0 71 32     
1996 4 26 0 0 0 2.1 2.6 -999 0 74 40     
1996 4 27 0 0 0 2.5 2.6 -999 0 63 37     
1996 4 28 0 0 0 2.6 2.6 -999 0 59 24     
1996 4 29 0 0 0 2.6 1.6 -999 0 63 25     
1996 4 30 0 0 0 2.8 2.7 -999 0 72 38     
1996 5 1 0 0 0 3.4 3 -999 0 73 47     
1996 5 2 0 0 0 4.1 2.5 -999 0 72 43     
1996 5 3 0 0 0 4.6 2.6 -999 0 71 37     
1996 5 4 0 0 0 5.3 2.8 -999 0 68 39     
1996 5 5 0 0 0 6.1 3.1 -999 0 75 33     
1996 5 6 0 0 0 7.1 3.5 -999 0 74 42     
1996 5 7 0 0 0 8.4 3.9 -999 0 71 43     
1996 5 8 0 0 0 9.3 4.1 -999 0 70 42     
1996 5 9 0 0 0 10 4.5 -999 0.21 68 38     
1996 5 10 0 0 0 11 4.7 -999 0 75 40     
1996 5 11 0 0 0 13 5.1 -999 0 77 46     
1996 5 12 0 0 0 16 6.2 -999 0 83 49     
1996 5 13 0 0 0 21 7.3 -999 0 86 53     
1996 5 14 0 0 0 27 8 -999 0 82 51     
1996 5 15 0 0 0 32 8.3 -999 0 80 53     
1996 5 16 0 0 0 40 9 -999 0 75 57     
1996 5 17 0 0 0 39 8.9 -999 0.33 74 39     
1996 5 18 0 0 0 37 9.1 -999 0.01 71 55     
1996 5 19 0 0 0 33 8.8 -999 0.02 68 37     
1996 5 20 0 0 0 29 8.9 -999 0 62 32     
1996 5 21 0 0 0 27 8.7 -999 0 68 35     
1996 5 22 0 0 0 24 8.4 -999 0 71 49     
1996 5 23 0 0 0 22 8.3 -999 0.05 56 30     
1996 5 24 0 0 0 21 7.6 -999 0.38 59 33     
1996 5 25 0 0 0 20 7.7 -999 0.12 48 31     
1996 5 26 0 0 0 19 7.5 -999 0.42 58 36     
1996 5 27 0 0 0 18 7.4 -999 0.4 55 41     
1996 5 28 0 0 0 16 7.4 -999 0.01 63 38     
1996 5 29 0 0 0 15 7.3 -999 0.05 63 40     
1996 5 30 0 0 0 14 7.2 -999 0.02 63 38     
1996 5 31 0 0 0 13 7 -999 0.02 68 40     
1996 6 1 0 0 0 12 7.2 -999 0 70 42     
1996 6 2 0 0 0 14 7 -999 0 77 45     
1996 6 3 0 0 0 18 7.4 -999 0 89 55     
1996 6 4 0 0 0 26 8 -999 0 88 58     
1996 6 5 0 0 0 34 8.8 -999 0 88 55     
1996 6 6 0 0 0 37 9.9 -999 0 82 52     
1996 6 7 0 0 0 39 10 -999 0 88 52     
1996 6 8 0 0 0 39 11 -999 0 88 64     
1996 6 9 0 0 0 37 12 -999 0 85 58     
1996 6 10 0 0 0 36 12 -999 0 87 59     
1996 6 11 0 0 0 34 13 -999 0 84 55     
1996 6 12 0 0 0 31 13 -999 0 85 51     
1996 6 13 0 0 0 28 13 -999 0 85 53     
1996 6 14 0 0 0 26 13 -999 0 87 55     
1996 6 15 0 0 0 24 13 -999 0 86 54     
1996 6 16 0 0 0 22 13 -999 0 85 58     
1996 6 17 0 0 0 21 13 -999 0 82 54     
1996 6 18 0 0 0 19 13 -999 0 82 52     
1996 6 19 0 0 0 17 12 -999 0 81 44     
1996 6 20 0 0 0 16 11 -999 0 81 51     
1996 6 21 0 0 0 15 12 -999 0 80 50     
1996 6 22 0 0 0 14 11 -999 0 80 46     
1996 6 23 0 0 0 13 11 -999 0 82 47     
1996 6 24 0 0 0 12 11 -999 0 82 63     
1996 6 25 0 0 0 11 11 -999 0 80 46     
1996 6 26 0 0 0 11 11 -999 0 75 53     
1996 6 27 0 0 0 10 10 -999 0 68 52     
1996 6 28 0 0 0 9.3 10 -999 0 74 44     
1996 6 29 0 0 0 8.4 10 -999 0 78 46     
1996 6 30 0 0 0 7.6 9.5 -999 0 88 49     
1996 7 1 0 0 0 7 9.1 -999 0 90 56     
1996 7 2 0 0 0 6.7 8.8 -999 0 94 61     
1996 7 3 0 0 0 6.6 8.6 -999 0.05 91 68     
1996 7 4 0 0 0 6.4 8.5 -999 0 90 63     
1996 7 5 0 0 0 5.9 8.3 -999 0.01 94 60     
1996 7 6 0 0 0 5.7 8.1 -999 0 94 60     
1996 7 7 0 0 0 5.4 8.1 -999 0 94 60     
1996 7 8 0 0 0 5.5 8.2 -999 0.5 88 65     
1996 7 9 0 0 0 5.6 8.4 -999 0.11 86 58     
1996 7 10 0 0 0 5.1 8.1 -999 0 86 63     
1996 7 11 0 0 0 4.9 8.1 -999 0 82 64     
1996 7 12 0 0 0 4.8 8 -999 0 82 64     
1996 7 13 0 0 0 4.5 7.8 -999 0 87 65     
1996 7 14 0 0 0 4.2 7.7 -999 0 90 62     
1996 7 15 0 0 0 4.4 7.9 -999 0.28 85 62     
1996 7 16 0 0 0 4.5 8.2 -999 0.43 81 54     
1996 7 17 0 0 0 4.1 7.6 -999 0 81 55     
1996 7 18 0 0 0 3.9 7.5 -999 0 85 64     
1996 7 19 0 0 0 3.7 7.4 -999 0 87 52     
1996 7 20 0 0 0 3.6 7.2 -999 0 87 54     
1996 7 21 0 0 0 3.3 7 -999 0 89 58     
1996 7 22 0 0 0 3.2 6.9 -999 0 90 61     
1996 7 23 0 0 0 3.1 6.6 -999 0 89 64     
1996 7 24 0 0 0 3 6.5 -999 0 91 62     
1996 7 25 0 0 0 2.9 6.4 -999 0 90 65     
1996 7 26 0 0 0 2.9 6.2 -999 0 90 65     
1996 7 27 0 0 0 2.7 6 -999 0 87 64     
1996 7 28 0 0 0 3 6.1 -999 0.16 83 55     
1996 7 29 0 0 0 2.9 5.9 -999 0.15 87 54     
1996 7 30 0 0 0 2.9 6 -999 0.02 85 59     
1996 7 31 0 0 0 2.7 5.8 -999 0 91 55     
1996 8 1 0 0 0 2.5 5.5 -999 0 92 64     
1996 8 2 0 0 0 2.4 5.4 -999 0 91 62     
1996 8 3 0 0 0 2.3 5.3 -999 0 89 65     
1996 8 4 0 0 0 2.4 5.2 -999 0 82 49     
1996 8 5 0 0 0 2.4 5.1 -999 0 83 54     
1996 8 6 0 0 0 2.4 5.1 -999 0 79 56     
1996 8 7 0 0 0 2.3 5 -999 0 79 48     
1996 8 8 0 0 0 2.4 4.9 -999 0 86 52     
1996 8 9 0 0 0 2.3 4.7 -999 0 89 60     
1996 8 10 0 0 0 2.3 4.6 -999 0 90 60     
1996 8 11 0 0 0 2.2 4.5 -999 0 93 62     
1996 8 12 0 0 0 2.2 4.4 -999 0 91 64     
1996 8 13 0 0 0 2.2 4.3 -999 0 91 62     
1996 8 14 0 0 0 2.1 4.3 -999 0 89 62     
1996 8 15 0 0 0 2.1 4.3 -999 0 89 61     
1996 8 16 0 0 0 2.1 4.3 -999 0.01 84 61     
1996 8 17 0 0 0 2.1 4.3 -999 0 82 59     
1996 8 18 0 0 0 2 4.2 -999 0.03 86 58     
1996 8 19 0 0 0 2 4.2 -999 0 85 50     
1996 8 20 0 0 0 1.9 4.1 -999 0 84 58     
1996 8 21 0 0 0 1.9 4.1 -999 0 82 51     
1996 8 22 0 0 0 1.9 4 -999 0 83 53     
1996 8 23 0 0 0 1.8 4 -999 0 85 55     
1996 8 24 0 0 0 1.7 3.9 -999 0 85 56     
1996 8 25 0 0 0 1.8 3.8 -999 0 85 60     
1996 8 26 0 0 0 1.7 3.8 -999 0.07 83 57     
1996 8 27 0 0 0 1.7 3.7 -999 0.02 85 56     
1996 8 28 0 0 0 1.7 3.6 -999 0 84 52     
1996 8 29 0 0 0 1.7 3.8 -999 0 84 55     
1996 8 30 0 0 0 1.7 3.8 -999 0 85 59     
1996 8 31 0 0 0 1.7 3.7 -999 0 91 59     
1996 9 1 0 0 0 1.8 3.7 -999 0 91 60     
1996 9 2 0 0 0 1.8 3.7 -999 0 89 54     
1996 9 3 0 0 0 1.8 3.6 -999 0 88 61     
1996 9 4 0 0 0 1.8 3.5 -999 0 83 62     
1996 9 5 0 0 0 1.8 3.6 -999 0 81 60     
1996 9 6 0 0 0 1.7 3.6 -999 0 71 42     
1996 9 7 0 0 0 1.7 3.6 -999 0 81 49     
1996 9 8 0 0 0 1.8 3.5 -999 0 78 54     
1996 9 9 0 0 0 1.7 3.6 -999 0.19 73 54     
1996 9 10 0 0 0 1.8 3.5 -999 0 77 53     
1996 9 11 0 0 0 1.8 3.6 -999 0.02 78 50     
1996 9 12 0 0 0 1.9 3.7 -999 0.08 78 53     
1996 9 13 0 0 0 1.9 3.5 -999 0 72 52     
1996 9 14 0 0 0 1.9 3.6 -999 0 69 40     
1996 9 15 0 0 0 2.1 3.5 -999 0 75 44     
1996 9 16 0 0 0 2.2 4.1 -999 0.35 53 35     
1996 9 17 0 0 0 2.1 3.8 -999 0.01 55 29     
1996 9 18 0 0 0 2 4 -999 0.14 53 33     
1996 9 19 0 0 0 1.8 3.7 -999 0 62 -999     
1996 9 20 0 0 0 1.7 3.7 -999 0 65 38     
1996 9 21 0 0 0 1.6 3.5 -999 0 79 52     
1996 9 22 0 0 0 1.5 3.4 -999 0 77 52     
1996 9 23 0 0 0 1.6 3.4 -999 0 69 40     
1996 9 24 0 0 0 1.6 3.3 -999 0 77 46     
1996 9 25 0 0 0 1.6 3.3 -999 0 72 50     
1996 9 26 0 0 0 1.6 3.3 -999 0 59 34     
1996 9 27 0 0 0 1.7 3.3 -999 0 61 33     
1996 9 28 0 0 0 1.7 3.2 -999 0 72 41     
1996 9 29 0 0 0 1.6 3.1 -999 0 76 49     
1996 9 30 0 0 0 1.6 3.1 -999 0 81 49     
1996 10 1 0 0 0 1.7 2.9 -999 0 77 51     
1996 10 2 0 0 0 1.8 2.9 -999 0 75 51     
1996 10 3 0 0 0 1.8 2.8 -999 0 71 45     
1996 10 4 0 0 0 1.8 2.8 -999 0 75 57     
1996 10 5 0 0 0 1.8 2.8 -999 0 78 49     
1996 10 6 0 0 0 1.8 2.7 -999 0 79 51     
1996 10 7 0 0 0 1.8 2.7 -999 0 77 48     
1996 10 8 0 0 0 1.9 2.6 -999 0 79 49     
1996 10 9 0 0 0 1.9 2.6 -999 0 80 53     
1996 10 10 0 0 0 2 2.6 -999 0 83 54     
1996 10 11 0 0 0 2 2.6 -999 0 79 53     
1996 10 12 0 0 0 2 2.6 -999 0 78 48     
1996 10 13 0 0 0 2 2.5 -999 0 76 49     
1996 10 14 0 0 0 2.1 2.6 -999 0 67 38     
1996 10 15 0 0 0 2.1 2.6 -999 0 70 38     
1996 10 16 0 0 0 2.1 2.6 -999 0 53 34     
1996 10 17 0 0 0 2.2 2.7 -999 0 51 19     
1996 10 18 0 0 0 2.3 2.7 -999 0 71 31     
1996 10 19 0 0 0 2.4 2.7 -999 0 62 33     
1996 10 20 0 0 0 2.3 2.6 -999 0.11 39 21     
1996 10 21 0 0 0 2.3 2.4 -999 0 40 15     
1996 10 22 0 0 0 2.2 2.6 -999 0 52 19     
1996 10 23 0 0 0 2.1 2.7 -999 0 51 30     
1996 10 24 0 0 0 2.2 2.6 -999 0 52 29     
1996 10 25 0 0 0 2.3 2.4 -999 0.14 49 27     
1996 10 26 0 0 0 2.3 2.4 -999 0.06 33 24     
1996 10 27 0 0 0 2.5 2.4 -999 0.02 38 21     
1996 10 28 0 0 0 2.4 2.4 -999 0 44 25     
1996 10 29 0 0 0 2.4 2.4 -999 0 47 25     
1996 10 30 0 0 0 2.4 2.4 -999 0 43 34     
1996 10 31 0 0 0 2.9 2.8 -999 1.13 42 31     
1996 11 1 0 0 0 2.6 2.5 -999 0 47 24     
1996 11 2 0 0 0 2.5 2.4 -999 0 49 25     
1996 11 3 0 0 0 2.5 2.3 -999 0 51 31     
1996 11 4 0 0 0 2.5 2.4 -999 0 55 34     
1996 11 5 0 0 0 2.5 2.6 -999 0.14 47 27     
1996 11 6 0 0 0 2.6 2.4 -999 0 36 11     
1996 11 7 0 0 0 2.6 2.6 -999 0 46 19     
1996 11 8 0 0 0 2.7 2.6 -999 0 55 27     
1996 11 9 0 0 0 2.2 2.4 -999 0 59 33     
1996 11 10 0 0 0 2.2 2.3 -999 0 58 33     
1996 11 11 0 0 0 2.1 2.2 -999 0 61 35     
1996 11 12 0 0 0 2.2 2.2 -999 0 68 34     
1996 11 13 0 0 0 2.2 2.2 -999 0 64 39     
1996 11 14 0 0 0 2.2 2.1 -999 0 65 38     
1996 11 15 0 0 0 2.2 2.1 -999 0 48 23     
1996 11 16 0 0 0 2.4 2 -999 0 31 14     
1996 11 17 0 0 0 2.6 2.3 -999 0.14 36 22     
1996 11 18 0 0 0 2.7 2.2 -999 0.04 56 32     
1996 11 19 0 0 0 2.5 2.1 -999 0 63 38     
1996 11 20 0 0 0 2.4 2 -999 0 58 40     
1996 11 21 0 0 0 2.3 2 -999 0 61 39     
1996 11 22 0 0 0 4.2 3.3 -999 1.31 59 37     
1996 11 23 0 0 0 2.7 2.3 -999 0.02 51 31     
1996 11 24 0 0 0 2.4 2 -999 0 44 26     
1996 11 25 0 0 0 2.4 2 -999 0 49 29     
1996 11 26 0 0 0 2.3 1.9 -999 0.02 47 26     
1996 11 27 0 0 0 2.2 1.9 -999 0 35 16     
1996 11 28 0 0 0 2.3 2 -999 0 40 20     
1996 11 29 0 0 0 1.9 1.8 -999 0.12 35 22     
1996 11 30 0 0 0 1.8 1.8 -999 0 35 11     
1996 12 1 0 0 0 1.5 1.8 -999 0 46 21     
1996 12 2 0 0 0 1.5 1.8 -999 0.03 50 10     
1996 12 3 0 0 0 1.3 1.8 -999 0 30 15     
1996 12 4 0 0 0 1.1 1.8 -999 0 40 12     
1996 12 5 0 0 0 1.1 1.8 -999 0 49 19     
1996 12 6 0 0 0 1.1 1.8 -999 0.08 49 19     
1996 12 7 0 0 0 0.95 1.5 -999 0 41 22     
1996 12 8 0 0 0 0.95 1.5 -999 0 44 28     
1996 12 9 0 0 0 0.97 1.6 -999 0 58 38     
1996 12 10 0 0 0 0.92 1.5 -999 0 54 34     
1996 12 11 0 0 0 1.1 1.7 -999 0.02 45 34     
1996 12 12 0 0 0 1.2 1.8 -999 0 46 38     
1996 12 13 0 0 0 1.2 1.8 -999 0 56 18     
1996 12 14 0 0 0 1.1 1.5 -999 0 55 18     
1996 12 15 0 0 0 1.1 1.5 -999 0 32 9     
1996 12 16 0 0 0 0.85 1.5 -999 0 47 19     
1996 12 17 0 0 0 0.85 1.4 -999 0 51 9     
1996 12 18 0 0 0 0.75 1.4 -999 0 37 3     
1996 12 19 0 0 0 0.6 1.5 -999 0 40 12     
1996 12 20 0 0 0 0.6 1.6 -999 0 48 20     
1996 12 21 0 0 0 0.65 1.7 -999 0 52 32     
1996 12 22 0 0 0 0.7 1.7 -999 0.06 39 28     
1996 12 23 0 0 0 0.65 1.7 -999 0.4 32 23     
1996 12 24 0 0 0 0.65 1.7 -999 0 40 11     
1996 12 25 0 0 0 0.55 1.7 -999 0 43 22     
1996 12 26 0 0 0 0.55 1.7 -999 0 52 35     
1996 12 27 0 0 0 0.54 1.6 -999 0 46 32     
1996 12 28 0 0 0 0.65 1.6 -999 0 45 24     
1996 12 29 0 0 0 0.8 1.6 -999 0 44 28     
1996 12 30 0 0 0 0.9 1.6 -999 0 51 33     
1996 12 31 0 0 0 1 1.7 -999 0 47 32     
